4 3 5 57 2 47
100
42 96 7 308 1
96 88 7 258 4
28 56 9 88 1
40 35 7 115 3
14 73 9 22 2
52 100 10 143 4
62 84 7 224 3
88 52 8 310 5
96 85 10 191 2
96 49 8 27 3
64 53 6 317 5
78 28 9 27 5
84 98 10 353 1
37 59 6 125 3
56 87 6 310 5
49 31 9 249 5
11 72 8 149 1
17 1 10 116 3
67 4 9 290 1
15 64 5 180 1
81 25 7 289 3
66 28 10 39 5
32 89 7 188 5
9 98 8 111 2
25 16 5 314 2
60 19 8 202 3
94 68 8 299 4
77 64 10 344 1
10 19 7 39 3
42 41 10 277 3
79 38 9 198 2
100 21 7 14 4
92 73 8 190 5
50 5 8 148 4
55 14 6 354 5
48 60 9 35 5
19 36 7 31 2
93 52 9 61 1
65 81 7 204 5
87 36 10 228 3
66 51 5 108 4
47 8 8 273 4
78 95 8 265 1
18 13 6 227 1
18 54 8 181 3
10 63 6 101 5
25 71 5 307 2
100 94 7 103 4
79 50 10 174 5
55 83 6 345 3
81 86 9 339 2
93 46 9 98 2
37 95 7 220 4
15 4 9 203 3
70 65 5 359 4
92 73 10 331 5
100 4 5 67 4
84 94 5 59 4
96 62 8 84 4
94 12 9 101 2
20 98 5 47 2
5 72 10 88 4
67 85 9 123 5
11 20 5 298 3
64 31 7 93 4
89 18 8 95 3
24 7 6 186 1
4 76 10 295 1
94 7 8 244 3
92 27 8 225 5
35 70 10 328 5
42 32 5 75 4
81 46 8 213 4
10 17 5 25 5
28 14 10 27 2
9 56 6 247 5
43 96 8 346 5
39 18 10 273 1
64 45 6 136 3
44 64 10 18 2
6 80 7 24 1
56 35 9 343 2
12 65 10 52 2
88 90 5 28 4
22 25 7 28 1
34 50 8 115 3
17 47 6 42 3
85 42 6 176 3
15 87 9 349 3
11 85 9 21 3
15 34 8 351 5
70 49 7 304 5
79 99 5 54 5
76 99 6 137 5
93 20 7 113 4
86 100 9 65 1
48 55 5 257 5
58 40 8 265 2
83 96 6 303 1
13 76 9 242 3

