7 5 5 42 6 64
200
22 39 5 166 4
47 2 4 329 1
50 13 6 67 1
66 99 3 136 4
18 96 2 68 2
97 88 5 339 5
27 34 5 47 5
80 80 4 83 5
2 62 5 5 4
57 11 6 310 3
32 45 5 111 5
85 41 2 291 4
59 61 2 251 2
34 69 3 34 2
97 33 5 44 3
93 99 6 316 5
0 34 3 239 3
45 25 3 228 4
11 63 3 90 3
76 57 2 295 1
58 48 6 27 3
97 41 2 232 4
13 76 4 136 3
6 36 4 341 1
14 37 4 326 1
94 43 4 255 4
68 52 3 58 5
21 7 2 213 5
7 41 3 229 5
14 79 3 209 2
90 34 2 1 1
41 6 4 169 3
77 35 6 301 3
25 73 4 216 1
47 13 6 291 4
57 92 5 30 4
98 55 5 240 5
38 24 5 156 2
43 6 2 105 4
4 29 6 22 5
31 4 6 174 4
27 64 5 222 1
0 54 3 190 1
54 91 4 331 3
5 46 5 313 2
25 49 4 158 3
64 52 2 299 5
15 63 5 126 3
77 48 3 245 2
13 35 5 200 2
84 35 2 320 3
100 97 6 226 2
92 3 4 291 3
95 51 6 347 3
67 84 5 122 4
47 39 3 299 2
35 34 2 95 2
99 28 3 248 5
0 57 5 41 2
86 2 3 14 2
55 41 2 6 1
32 41 6 225 4
92 54 5 95 1
42 24 3 3 2
41 40 3 176 4
53 22 4 151 5
92 91 5 51 1
28 33 4 189 4
16 24 3 117 1
66 7 3 130 5
66 30 2 233 4
80 78 6 307 5
46 45 5 238 4
24 39 6 141 2
33 54 2 56 5
73 50 3 142 3
52 77 3 231 2
48 21 4 288 1
48 47 3 188 4
57 55 5 218 3
65 79 2 218 4
81 32 2 109 4
96 93 5 178 4
94 63 3 247 1
19 69 2 298 1
94 52 4 225 5
2 56 6 319 2
65 8 6 115 5
23 61 6 240 5
48 91 4 255 5
25 51 4 359 1
67 22 6 24 1
64 14 3 332 5
58 63 4 241 5
67 11 4 339 3
30 90 4 38 3
100 100 6 276 4
31 50 5 97 3
98 84 6 248 5
48 100 3 93 1
95 26 6 157 3
74 31 2 24 3
30 48 2 20 2
15 46 6 169 4
0 43 2 46 4
84 91 3 352 4
4 38 4 233 3
23 78 3 328 4
19 86 3 55 4
43 17 4 289 1
41 12 3 64 3
33 11 4 44 4
58 91 2 333 3
37 66 3 313 3
66 64 2 105 4
81 49 5 182 1
42 13 3 279 3
19 59 2 307 4
3 64 6 270 4
15 64 3 178 2
71 80 6 52 4
99 31 5 248 5
54 100 3 329 3
72 57 2 44 4
22 98 2 37 1
36 22 6 283 1
90 9 2 124 2
72 88 2 300 3
63 78 4 335 1
72 45 2 61 4
59 28 4 80 5
42 49 6 106 2
15 93 2 100 5
22 39 5 359 1
51 1 3 53 4
69 53 3 328 5
85 93 4 278 4
41 38 2 314 5
48 71 4 230 5
2 10 2 128 3
29 55 4 108 2
1 94 5 68 5
5 29 4 1 4
62 54 4 281 4
13 13 2 98 3
100 34 5 18 4
44 22 5 338 5
69 84 6 276 5
81 44 3 3 5
82 31 6 223 1
90 52 6 66 4
18 100 4 355 5
46 50 3 63 2
83 32 3 217 2
19 59 4 106 2
88 53 5 351 2
12 64 5 355 5
0 84 3 286 1
73 0 3 218 1
56 78 6 11 1
64 52 3 259 2
73 25 5 337 4
27 47 5 145 4
5 66 4 347 4
75 42 6 75 5
94 40 2 240 5
91 41 3 94 4
22 27 4 160 2
16 35 5 352 3
4 51 2 354 3
2 77 6 74 4
31 56 2 291 2
64 37 3 122 4
8 33 5 83 1
73 42 3 251 5
53 64 3 236 5
85 59 5 250 4
48 64 4 296 5
61 86 4 331 1
2 39 5 137 4
82 4 4 319 5
67 71 3 7 5
91 41 6 77 2
90 28 2 211 2
51 83 3 20 1
12 38 4 179 5
55 96 5 279 4
29 86 2 224 1
67 13 6 99 4
71 14 5 307 1
99 8 6 131 1
62 95 4 69 4
21 21 4 234 3
23 4 3 344 1
3 59 3 123 5
79 0 3 58 4
40 8 4 252 1
84 71 3 355 2
26 12 3 336 5
16 15 4 291 4


