8 8 5 58 2 74
200
42 66 6 342 3
11 97 9 260 4
13 27 6 25 4
53 41 8 230 3
50 99 9 217 1
32 90 5 4 4
0 22 7 251 3
32 5 6 302 5
4 100 7 85 2
0 42 6 344 2
21 94 5 187 4
51 82 9 151 2
30 87 6 229 1
55 29 8 210 3
24 62 9 296 2
64 29 8 157 3
76 37 6 33 5
32 78 5 121 3
19 34 5 309 4
68 48 8 216 3
1 93 10 285 2
57 75 5 50 3
56 85 9 86 1
25 30 7 345 3
28 3 7 303 3
39 64 5 340 1
86 56 10 210 1
100 89 8 67 5
52 26 10 3 3
35 85 7 190 5
2 93 6 165 4
4 69 6 261 5
29 19 8 78 4
30 24 8 17 3
74 97 7 34 5
86 28 6 156 1
39 43 9 277 1
43 65 8 210 4
82 43 5 299 1
76 84 8 80 2
3 42 7 253 1
98 53 9 284 5
3 61 7 128 1
94 25 8 251 3
31 73 8 234 3
87 30 6 4 5
42 52 7 283 3
52 68 6 67 1
89 31 6 273 1
32 33 6 337 4
90 89 8 53 1
4 33 7 260 4
66 24 10 114 2
77 0 10 307 1
67 33 5 140 4
45 33 8 338 5
51 28 9 279 5
69 10 10 113 1
13 89 5 15 4
71 86 7 149 5
33 88 7 343 5
41 49 9 261 3
9 45 7 14 4
1 21 9 154 4
61 43 10 153 1
80 83 7 288 1
79 65 7 313 1
47 56 9 53 1
1 93 5 344 3
29 2 8 118 4
71 29 9 140 1
88 89 6 167 3
15 67 5 259 1
40 18 8 170 4
98 34 5 236 2
58 4 9 38 5
76 1 5 77 1
16 40 8 81 4
31 7 9 262 3
35 97 10 261 2
58 36 10 115 4
55 94 7 310 5
72 69 9 103 5
100 36 9 346 2
42 99 10 223 5
46 19 7 341 1
100 56 6 324 3
93 84 8 346 2
73 51 5 239 3
94 37 6 140 5
25 93 6 146 1
83 63 9 50 2
26 48 6 278 4
23 81 7 35 3
3 42 9 193 1
80 26 7 101 3
30 1 5 280 3
43 27 10 266 5
47 40 10 115 1
12 78 7 21 3
26 3 8 262 5
36 41 6 62 1
92 65 7 307 2
72 62 10 186 2
67 10 10 121 4
7 88 8 87 3
26 3 5 301 3
49 97 7 145 4
84 89 10 139 2
47 72 6 121 4
59 84 8 233 2
4 27 6 146 1
70 69 8 32 1
84 38 6 340 1
63 0 10 131 4
4 39 9 54 1
48 73 7 358 5
59 25 9 151 2
94 50 7 186 5
91 20 6 346 5
85 32 6 81 2
79 70 10 267 3
43 28 6 57 5
84 33 6 49 2
21 100 5 98 1
63 74 6 253 3
43 46 5 216 2
78 87 8 77 4
99 2 9 165 1
13 99 5 29 5
64 0 7 319 1
52 53 6 64 4
23 26 8 153 1
55 40 9 136 3
46 68 9 249 3
51 100 7 194 1
55 80 10 9 3
88 25 7 236 1
46 49 5 257 4
98 81 7 54 2
88 60 5 229 3
89 49 9 262 4
2 13 5 11 3
59 43 10 320 3
54 90 8 347 1
86 58 10 153 2
91 76 10 321 1
44 65 7 110 2
59 8 8 264 2
81 12 9 112 2
42 58 6 213 5
84 4 10 27 4
89 50 6 204 4
14 100 9 0 4
39 30 5 320 3
40 46 8 113 5
12 61 5 57 5
75 39 7 46 2
78 47 8 52 1
77 29 10 202 4
65 16 8 221 1
25 81 6 211 5
36 76 5 94 1
84 26 5 135 5
31 6 9 138 1
39 18 8 12 5
47 72 9 179 4
53 78 8 304 2
98 75 6 70 4
32 75 8 45 4
93 78 5 248 5
40 98 5 221 4
17 1 6 155 1
46 85 10 32 1
82 83 7 241 5
74 75 10 140 1
12 6 6 297 2
46 85 9 289 1
7 20 9 161 4
44 24 7 75 5
5 7 6 194 5
51 98 5 242 3
94 29 9 152 3
50 61 9 276 3
86 43 6 309 5
24 40 9 225 3
5 10 8 93 4
12 39 7 22 5
98 90 8 324 2
31 28 10 322 2
36 88 6 257 5
32 50 8 116 4
51 74 7 71 5
16 32 9 6 5
63 88 5 226 3
33 34 6 82 5
35 99 10 67 5
89 11 10 324 1
39 77 9 214 5
12 40 5 241 2

