0 9 5 48 8 86
100
41 40 6 36 5
1 47 8 342 2
51 64 7 172 5
26 83 8 114 5
83 92 9 36 5
12 21 5 235 5
94 59 7 328 5
17 30 6 257 2
64 54 10 108 3
61 21 9 114 1
24 10 7 140 4
64 55 9 220 5
51 85 7 165 5
95 14 6 137 1
95 84 10 206 1
53 18 9 56 4
25 20 10 336 1
13 19 6 227 2
3 83 7 243 5
81 19 9 101 1
19 60 9 64 1
26 1 6 40 3
2 74 10 139 5
62 5 9 187 5
85 13 8 164 5
36 56 8 46 2
45 84 8 218 4
82 99 6 310 5
61 6 9 159 2
22 15 10 52 2
54 19 10 129 5
99 28 5 175 5
36 78 10 137 4
74 24 7 225 3
40 66 5 274 3
55 42 8 16 1
33 77 9 149 4
79 4 10 241 3
32 63 8 95 1
70 11 9 258 4
40 1 6 75 4
18 38 8 110 1
97 55 10 257 3
84 89 6 221 3
95 52 6 225 1
42 31 8 29 2
50 48 6 268 1
72 78 7 183 3
39 68 6 48 5
44 70 6 117 4
37 7 6 123 5
0 34 6 332 5
83 28 5 278 3
89 31 9 174 4
4 98 10 94 4
19 10 10 7 3
84 25 7 235 2
88 29 7 138 4
66 85 6 318 3
56 3 8 258 2
31 6 9 114 1
73 81 5 333 1
16 49 10 350 1
59 41 7 134 1
54 36 9 222 4
52 38 8 125 2
22 67 8 306 2
67 5 10 41 3
41 89 10 146 2
21 78 10 284 5
22 66 7 229 2
15 30 6 190 1
63 67 5 279 3
96 68 8 156 3
55 66 7 15 1
53 13 7 165 3
56 96 7 14 3
98 59 10 236 2
54 93 5 351 4
67 69 10 200 2
9 97 5 67 1
19 34 5 140 1
75 41 7 68 1
66 62 10 86 3
23 5 9 294 4
48 64 10 41 4
73 56 7 180 4
20 66 10 37 1
76 69 7 91 1
100 72 9 110 5
81 2 8 100 3
25 12 5 99 2
5 75 9 342 5
52 8 9 92 4
86 18 9 210 1
9 55 6 308 3
7 63 5 62 4
69 75 10 132 1
82 53 5 98 2
27 47 8 335 2

