1000 1100
61
1 2 3
2 3 2
3 4 6
4 5 6
5 6 9
6 7 1
7 8 7
8 9 3
9 10 2
10 11 5
11 12 1
12 13 2
13 14 7
14 15 8
15 16 2
16 17 8
17 18 1
18 19 2
19 20 2
20 21 10
21 22 10
22 23 4
23 24 9
24 25 2
25 26 5
26 27 5
27 28 5
28 29 6
29 30 4
30 31 1
31 32 5
32 33 7
33 34 5
34 35 7
35 36 7
36 37 2
37 38 5
38 39 1
39 40 10
40 41 4
41 42 10
42 43 10
43 44 5
44 45 8
45 46 2
46 47 2
47 48 5
48 49 8
49 50 9
50 51 5
51 52 1
52 53 5
53 54 1
54 55 6
55 56 9
56 57 6
57 58 8
58 59 8
59 60 6
60 61 10
61 62 7
62 63 10
63 64 5
64 65 5
65 66 1
66 67 3
67 68 3
68 69 9
69 70 8
70 71 3
71 72 5
72 73 4
73 74 4
74 75 8
75 76 4
76 77 4
77 78 1
78 79 4
79 80 8
80 81 6
81 82 9
82 83 2
83 84 9
84 85 9
85 86 7
86 87 9
87 88 2
88 89 10
89 90 5
90 91 7
91 92 3
92 93 1
93 94 3
94 95 8
95 96 1
96 97 5
97 98 4
98 99 8
99 100 1
100 101 9
101 102 9
102 103 1
103 104 10
104 105 1
105 106 5
106 107 10
107 108 4
108 109 3
109 110 8
110 111 6
111 112 6
112 113 7
113 114 7
114 115 3
115 116 6
116 117 10
117 118 9
118 119 3
119 120 10
120 121 10
121 122 10
122 123 6
123 124 5
124 125 5
125 126 1
126 127 4
127 128 7
128 129 4
129 130 4
130 131 7
131 132 5
132 133 1
133 134 3
134 135 1
135 136 4
136 137 3
137 138 5
138 139 4
139 140 5
140 141 6
141 142 10
142 143 6
143 144 3
144 145 5
145 146 4
146 147 5
147 148 4
148 149 1
149 150 1
150 151 5
151 152 8
152 153 3
153 154 2
154 155 7
155 156 8
156 157 5
157 158 8
158 159 1
159 160 1
160 161 2
161 162 4
162 163 5
163 164 9
164 165 8
165 166 9
166 167 4
167 168 7
168 169 6
169 170 6
170 171 5
171 172 7
172 173 9
173 174 3
174 175 5
175 176 8
176 177 2
177 178 5
178 179 2
179 180 4
180 181 1
181 182 5
182 183 5
183 184 4
184 185 5
185 186 2
186 187 1
187 188 9
188 189 3
189 190 7
190 191 4
191 192 4
192 193 8
193 194 7
194 195 8
195 196 9
196 197 9
197 198 10
198 199 4
199 200 6
200 201 10
201 202 9
202 203 9
203 204 2
204 205 1
205 206 4
206 207 10
207 208 7
208 209 3
209 210 2
210 211 10
211 212 2
212 213 1
213 214 8
214 215 5
215 216 7
216 217 10
217 218 6
218 219 8
219 220 9
220 221 7
221 222 6
222 223 7
223 224 10
224 225 3
225 226 8
226 227 1
227 228 7
228 229 4
229 230 1
230 231 5
231 232 9
232 233 8
233 234 1
234 235 4
235 236 9
236 237 9
237 238 8
238 239 8
239 240 1
240 241 10
241 242 1
242 243 1
243 244 6
244 245 7
245 246 6
246 247 10
247 248 10
248 249 4
249 250 6
250 251 10
251 252 10
252 253 6
253 254 3
254 255 6
255 256 5
256 257 7
257 258 3
258 259 6
259 260 7
260 261 8
261 262 9
262 263 2
263 264 8
264 265 5
265 266 10
266 267 7
267 268 1
268 269 10
269 270 2
270 271 4
271 272 5
272 273 2
273 274 4
274 275 10
275 276 6
276 277 2
277 278 2
278 279 3
279 280 10
280 281 10
281 282 5
282 283 6
283 284 6
284 285 9
285 286 1
286 287 4
287 288 8
288 289 1
289 290 5
290 291 8
291 292 8
292 293 8
293 294 1
294 295 5
295 296 7
296 297 1
297 298 2
298 299 9
299 300 9
300 301 9
301 302 2
302 303 4
303 304 10
304 305 9
305 306 6
306 307 9
307 308 3
308 309 3
309 310 3
310 311 1
311 312 10
312 313 4
313 314 10
314 315 6
315 316 8
316 317 8
317 318 9
318 319 9
319 320 7
320 321 1
321 322 3
322 323 5
323 324 1
324 325 7
325 326 2
326 327 5
327 328 1
328 329 3
329 330 3
330 331 9
331 332 2
332 333 8
333 334 8
334 335 9
335 336 3
336 337 5
337 338 9
338 339 7
339 340 9
340 341 5
341 342 10
342 343 10
343 344 1
344 345 6
345 346 5
346 347 10
347 348 8
348 349 4
349 350 5
350 351 2
351 352 2
352 353 4
353 354 7
354 355 1
355 356 2
356 357 5
357 358 10
358 359 3
359 360 7
360 361 9
361 362 4
362 363 1
363 364 8
364 365 3
365 366 7
366 367 2
367 368 9
368 369 1
369 370 6
370 371 3
371 372 6
372 373 10
373 374 8
374 375 1
375 376 8
376 377 6
377 378 2
378 379 5
379 380 9
380 381 3
381 382 7
382 383 5
383 384 5
384 385 2
385 386 5
386 387 10
387 388 4
388 389 2
389 390 6
390 391 10
391 392 7
392 393 2
393 394 6
394 395 10
395 396 3
396 397 7
397 398 3
398 399 7
399 400 1
400 401 4
401 402 8
402 403 2
403 404 8
404 405 8
405 406 5
406 407 8
407 408 8
408 409 3
409 410 8
410 411 1
411 412 2
412 413 7
413 414 1
414 415 9
415 416 8
416 417 9
417 418 9
418 419 8
419 420 4
420 421 7
421 422 2
422 423 3
423 424 4
424 425 2
425 426 2
426 427 9
427 428 6
428 429 8
429 430 6
430 431 1
431 432 3
432 433 6
433 434 6
434 435 5
435 436 9
436 437 7
437 438 4
438 439 5
439 440 1
440 441 9
441 442 7
442 443 6
443 444 3
444 445 10
445 446 2
446 447 5
447 448 7
448 449 5
449 450 6
450 451 7
451 452 6
452 453 10
453 454 1
454 455 1
455 456 2
456 457 5
457 458 3
458 459 6
459 460 6
460 461 3
461 462 10
462 463 7
463 464 6
464 465 10
465 466 3
466 467 6
467 468 7
468 469 4
469 470 1
470 471 5
471 472 2
472 473 5
473 474 9
474 475 4
475 476 1
476 477 6
477 478 4
478 479 2
479 480 9
480 481 7
481 482 9
482 483 5
483 484 1
484 485 4
485 486 1
486 487 7
487 488 2
488 489 8
489 490 4
490 491 7
491 492 5
492 493 1
493 494 6
494 495 2
495 496 2
496 497 2
497 498 8
498 499 4
499 500 2
500 501 3
501 502 4
502 503 3
503 504 8
504 505 3
505 506 10
506 507 10
507 508 9
508 509 4
509 510 8
510 511 5
511 512 6
512 513 10
513 514 8
514 515 6
515 516 8
516 517 1
517 518 5
518 519 8
519 520 3
520 521 9
521 522 2
522 523 4
523 524 4
524 525 7
525 526 1
526 527 1
527 528 2
528 529 3
529 530 2
530 531 5
531 532 1
532 533 6
533 534 8
534 535 3
535 536 6
536 537 5
537 538 4
538 539 5
539 540 4
540 541 10
541 542 8
542 543 9
543 544 5
544 545 7
545 546 8
546 547 3
547 548 1
548 549 2
549 550 9
550 551 3
551 552 5
552 553 3
553 554 4
554 555 10
555 556 8
556 557 5
557 558 4
558 559 2
559 560 6
560 561 10
561 562 2
562 563 3
563 564 5
564 565 8
565 566 10
566 567 1
567 568 6
568 569 10
569 570 7
570 571 5
571 572 10
572 573 2
573 574 5
574 575 10
575 576 8
576 577 6
577 578 3
578 579 10
579 580 4
580 581 3
581 582 6
582 583 6
583 584 3
584 585 10
585 586 10
586 587 7
587 588 6
588 589 9
589 590 1
590 591 6
591 592 8
592 593 5
593 594 10
594 595 8
595 596 4
596 597 3
597 598 7
598 599 3
599 600 9
600 601 8
601 602 7
602 603 2
603 604 10
604 605 10
605 606 6
606 607 9
607 608 9
608 609 10
609 610 1
610 611 10
611 612 7
612 613 6
613 614 5
614 615 1
615 616 6
616 617 4
617 618 4
618 619 7
619 620 5
620 621 7
621 622 1
622 623 3
623 624 6
624 625 4
625 626 5
626 627 1
627 628 2
628 629 4
629 630 7
630 631 8
631 632 1
632 633 2
633 634 10
634 635 2
635 636 5
636 637 1
637 638 6
638 639 4
639 640 9
640 641 1
641 642 10
642 643 3
643 644 5
644 645 1
645 646 10
646 647 10
647 648 1
648 649 2
649 650 6
650 651 2
651 652 5
652 653 3
653 654 5
654 655 9
655 656 7
656 657 1
657 658 9
658 659 8
659 660 8
660 661 9
661 662 5
662 663 6
663 664 10
664 665 6
665 666 9
666 667 8
667 668 2
668 669 9
669 670 8
670 671 1
671 672 9
672 673 5
673 674 1
674 675 6
675 676 7
676 677 6
677 678 2
678 679 2
679 680 1
680 681 4
681 682 9
682 683 6
683 684 7
684 685 2
685 686 3
686 687 7
687 688 6
688 689 1
689 690 7
690 691 5
691 692 7
692 693 1
693 694 7
694 695 4
695 696 8
696 697 10
697 698 7
698 699 5
699 700 5
700 701 6
701 702 2
702 703 10
703 704 5
704 705 6
705 706 5
706 707 6
707 708 1
708 709 9
709 710 3
710 711 3
711 712 1
712 713 9
713 714 10
714 715 3
715 716 3
716 717 3
717 718 10
718 719 8
719 720 3
720 721 5
721 722 1
722 723 4
723 724 9
724 725 6
725 726 5
726 727 2
727 728 1
728 729 3
729 730 8
730 731 9
731 732 10
732 733 3
733 734 7
734 735 10
735 736 5
736 737 2
737 738 3
738 739 6
739 740 5
740 741 2
741 742 4
742 743 3
743 744 8
744 745 8
745 746 9
746 747 10
747 748 8
748 749 10
749 750 10
750 751 4
751 752 5
752 753 1
753 754 9
754 755 10
755 756 6
756 757 6
757 758 6
758 759 10
759 760 1
760 761 6
761 762 1
762 763 3
763 764 2
764 765 3
765 766 10
766 767 4
767 768 5
768 769 3
769 770 3
770 771 1
771 772 7
772 773 9
773 774 9
774 775 9
775 776 8
776 777 9
777 778 6
778 779 7
779 780 4
780 781 2
781 782 1
782 783 4
783 784 2
784 785 7
785 786 8
786 787 1
787 788 9
788 789 5
789 790 5
790 791 3
791 792 5
792 793 6
793 794 8
794 795 3
795 796 6
796 797 7
797 798 6
798 799 9
799 800 9
800 801 7
801 802 5
802 803 5
803 804 4
804 805 10
805 806 7
806 807 9
807 808 1
808 809 7
809 810 3
810 811 1
811 812 4
812 813 8
813 814 4
814 815 10
815 816 6
816 817 1
817 818 8
818 819 4
819 820 3
820 821 7
821 822 7
822 823 7
823 824 8
824 825 8
825 826 9
826 827 6
827 828 10
828 829 6
829 830 3
830 831 2
831 832 6
832 833 8
833 834 9
834 835 10
835 836 5
836 837 5
837 838 10
838 839 3
839 840 8
840 841 1
841 842 9
842 843 3
843 844 4
844 845 4
845 846 10
846 847 4
847 848 5
848 849 7
849 850 9
850 851 3
851 852 3
852 853 10
853 854 9
854 855 3
855 856 7
856 857 2
857 858 5
858 859 2
859 860 10
860 861 10
861 862 7
862 863 5
863 864 5
864 865 1
865 866 6
866 867 10
867 868 8
868 869 8
869 870 4
870 871 1
871 872 6
872 873 2
873 874 2
874 875 10
875 876 7
876 877 4
877 878 1
878 879 5
879 880 9
880 881 1
881 882 6
882 883 4
883 884 8
884 885 1
885 886 4
886 887 6
887 888 6
888 889 6
889 890 9
890 891 8
891 892 3
892 893 2
893 894 7
894 895 2
895 896 2
896 897 1
897 898 5
898 899 4
899 900 10
900 901 4
901 902 10
902 903 10
903 904 2
904 905 1
905 906 3
906 907 10
907 908 8
908 909 5
909 910 9
910 911 3
911 912 9
912 913 3
913 914 2
914 915 9
915 916 6
916 917 6
917 918 3
918 919 8
919 920 3
920 921 9
921 922 3
922 923 4
923 924 5
924 925 4
925 926 1
926 927 5
927 928 8
928 929 2
929 930 3
930 931 4
931 932 7
932 933 5
933 934 7
934 935 8
935 936 2
936 937 3
937 938 2
938 939 7
939 940 1
940 941 10
941 942 4
942 943 8
943 944 1
944 945 9
945 946 1
946 947 1
947 948 8
948 949 9
949 950 10
950 951 4
951 952 10
952 953 4
953 954 5
954 955 1
955 956 7
956 957 5
957 958 9
958 959 3
959 960 8
960 961 6
961 962 3
962 963 8
963 964 8
964 965 9
965 966 4
966 967 5
967 968 7
968 969 3
969 970 4
970 971 7
971 972 6
972 973 1
973 974 2
974 975 5
975 976 5
976 977 9
977 978 6
978 979 7
979 980 5
980 981 9
981 982 7
982 983 10
983 984 4
984 985 8
985 986 2
986 987 3
987 988 6
988 989 2
989 990 7
990 991 5
991 992 10
992 993 7
993 994 7
994 995 8
995 996 5
996 997 5
997 998 10
998 999 5
999 1000 8
757 624 8
250 130 4
230 34 5
309 57 2
352 251 8
463 962 4
176 520 7
461 83 6
747 592 3
448 497 9
458 539 3
683 951 9
79 294 2
460 792 6
437 929 6
559 120 9
626 936 10
193 1000 4
449 367 4
314 949 1
686 907 10
691 499 2
57 796 9
130 862 3
279 164 4
730 223 5
50 501 6
472 76 3
832 812 9
635 987 6
814 541 5
134 68 2
711 514 1
581 413 6
158 635 7
735 829 9
194 970 7
274 793 7
637 969 8
99 892 8
610 918 6
787 592 1
376 153 6
432 470 5
278 95 1
816 324 4
546 70 3
335 176 6
155 710 2
581 434 9
344 382 5
906 295 3
198 838 2
571 421 2
363 626 8
198 700 10
114 742 10
969 560 5
225 969 1
32 672 9
858 819 2
403 198 4
300 957 6
746 750 6
286 329 10
219 450 8
882 612 5
752 556 5
941 286 9
322 788 4
809 218 1
542 655 9
596 852 5
468 104 8
328 422 2
781 905 1
674 751 7
352 772 7
430 189 8
81 68 6
934 846 2
739 688 5
177 59 10
377 870 3
167 351 4
439 398 8
585 232 9
374 973 9
437 629 9
630 809 10
181 767 9
796 86 3
245 198 8
741 855 6
20 231 7
284 500 9
26 691 1
309 422 3
201 115 2
599 357 5
722 906 5

