1000 5000
86
1 2 6
2 3 6
3 4 7
4 5 1
5 6 5
6 7 4
7 8 4
8 9 4
9 10 5
10 11 5
11 12 7
12 13 2
13 14 3
14 15 10
15 16 9
16 17 4
17 18 9
18 19 4
19 20 5
20 21 4
21 22 10
22 23 2
23 24 3
24 25 2
25 26 4
26 27 10
27 28 3
28 29 5
29 30 4
30 31 8
31 32 8
32 33 10
33 34 10
34 35 2
35 36 6
36 37 4
37 38 2
38 39 8
39 40 1
40 41 8
41 42 5
42 43 8
43 44 4
44 45 8
45 46 2
46 47 5
47 48 8
48 49 2
49 50 9
50 51 7
51 52 9
52 53 1
53 54 8
54 55 7
55 56 5
56 57 4
57 58 1
58 59 4
59 60 5
60 61 1
61 62 6
62 63 6
63 64 4
64 65 3
65 66 8
66 67 3
67 68 8
68 69 6
69 70 5
70 71 10
71 72 9
72 73 3
73 74 3
74 75 7
75 76 3
76 77 2
77 78 1
78 79 5
79 80 6
80 81 7
81 82 2
82 83 6
83 84 10
84 85 6
85 86 4
86 87 2
87 88 4
88 89 5
89 90 2
90 91 2
91 92 1
92 93 2
93 94 6
94 95 10
95 96 4
96 97 6
97 98 7
98 99 4
99 100 9
100 101 10
101 102 2
102 103 8
103 104 1
104 105 9
105 106 10
106 107 6
107 108 3
108 109 5
109 110 2
110 111 3
111 112 7
112 113 10
113 114 7
114 115 6
115 116 1
116 117 1
117 118 4
118 119 10
119 120 3
120 121 5
121 122 10
122 123 3
123 124 4
124 125 7
125 126 9
126 127 1
127 128 5
128 129 10
129 130 5
130 131 5
131 132 7
132 133 8
133 134 1
134 135 1
135 136 6
136 137 2
137 138 2
138 139 3
139 140 3
140 141 4
141 142 10
142 143 10
143 144 5
144 145 1
145 146 10
146 147 6
147 148 3
148 149 4
149 150 3
150 151 8
151 152 1
152 153 3
153 154 2
154 155 3
155 156 7
156 157 5
157 158 7
158 159 9
159 160 9
160 161 6
161 162 7
162 163 10
163 164 8
164 165 7
165 166 7
166 167 3
167 168 6
168 169 2
169 170 10
170 171 5
171 172 3
172 173 7
173 174 2
174 175 7
175 176 2
176 177 8
177 178 1
178 179 6
179 180 1
180 181 5
181 182 1
182 183 10
183 184 3
184 185 10
185 186 2
186 187 10
187 188 6
188 189 2
189 190 4
190 191 6
191 192 7
192 193 6
193 194 3
194 195 9
195 196 8
196 197 6
197 198 8
198 199 5
199 200 1
200 201 2
201 202 7
202 203 9
203 204 2
204 205 1
205 206 4
206 207 10
207 208 2
208 209 6
209 210 6
210 211 9
211 212 7
212 213 9
213 214 1
214 215 7
215 216 10
216 217 8
217 218 2
218 219 5
219 220 6
220 221 2
221 222 7
222 223 9
223 224 2
224 225 1
225 226 9
226 227 1
227 228 9
228 229 1
229 230 3
230 231 5
231 232 8
232 233 8
233 234 6
234 235 1
235 236 5
236 237 7
237 238 5
238 239 9
239 240 7
240 241 6
241 242 9
242 243 9
243 244 8
244 245 2
245 246 5
246 247 2
247 248 9
248 249 4
249 250 6
250 251 2
251 252 6
252 253 10
253 254 7
254 255 7
255 256 3
256 257 8
257 258 10
258 259 10
259 260 4
260 261 9
261 262 2
262 263 7
263 264 3
264 265 10
265 266 9
266 267 10
267 268 1
268 269 9
269 270 10
270 271 8
271 272 5
272 273 8
273 274 5
274 275 9
275 276 3
276 277 8
277 278 9
278 279 8
279 280 4
280 281 6
281 282 8
282 283 1
283 284 5
284 285 7
285 286 7
286 287 9
287 288 2
288 289 6
289 290 5
290 291 5
291 292 6
292 293 9
293 294 3
294 295 9
295 296 9
296 297 8
297 298 6
298 299 1
299 300 7
300 301 6
301 302 5
302 303 10
303 304 4
304 305 7
305 306 3
306 307 6
307 308 10
308 309 1
309 310 2
310 311 3
311 312 8
312 313 6
313 314 1
314 315 1
315 316 3
316 317 4
317 318 7
318 319 10
319 320 8
320 321 9
321 322 8
322 323 10
323 324 9
324 325 6
325 326 3
326 327 4
327 328 3
328 329 7
329 330 6
330 331 6
331 332 10
332 333 4
333 334 3
334 335 8
335 336 1
336 337 10
337 338 7
338 339 6
339 340 2
340 341 8
341 342 9
342 343 9
343 344 2
344 345 5
345 346 4
346 347 7
347 348 5
348 349 5
349 350 5
350 351 10
351 352 6
352 353 7
353 354 5
354 355 7
355 356 10
356 357 8
357 358 9
358 359 6
359 360 1
360 361 1
361 362 7
362 363 5
363 364 5
364 365 1
365 366 9
366 367 1
367 368 7
368 369 3
369 370 1
370 371 4
371 372 5
372 373 4
373 374 9
374 375 8
375 376 4
376 377 7
377 378 7
378 379 10
379 380 3
380 381 1
381 382 4
382 383 9
383 384 7
384 385 9
385 386 9
386 387 1
387 388 3
388 389 6
389 390 3
390 391 5
391 392 1
392 393 5
393 394 3
394 395 9
395 396 10
396 397 5
397 398 1
398 399 6
399 400 7
400 401 9
401 402 10
402 403 7
403 404 6
404 405 7
405 406 8
406 407 3
407 408 7
408 409 9
409 410 2
410 411 4
411 412 3
412 413 6
413 414 3
414 415 6
415 416 8
416 417 6
417 418 4
418 419 4
419 420 5
420 421 1
421 422 2
422 423 4
423 424 7
424 425 3
425 426 5
426 427 10
427 428 6
428 429 4
429 430 4
430 431 5
431 432 8
432 433 3
433 434 4
434 435 4
435 436 1
436 437 5
437 438 9
438 439 4
439 440 9
440 441 6
441 442 7
442 443 7
443 444 4
444 445 4
445 446 10
446 447 8
447 448 7
448 449 10
449 450 9
450 451 7
451 452 3
452 453 4
453 454 9
454 455 5
455 456 8
456 457 3
457 458 6
458 459 9
459 460 7
460 461 4
461 462 8
462 463 6
463 464 1
464 465 7
465 466 2
466 467 2
467 468 8
468 469 4
469 470 1
470 471 6
471 472 8
472 473 4
473 474 2
474 475 10
475 476 8
476 477 9
477 478 10
478 479 6
479 480 8
480 481 10
481 482 3
482 483 10
483 484 9
484 485 10
485 486 8
486 487 10
487 488 5
488 489 3
489 490 8
490 491 6
491 492 5
492 493 5
493 494 3
494 495 4
495 496 7
496 497 1
497 498 10
498 499 1
499 500 6
500 501 2
501 502 4
502 503 8
503 504 4
504 505 10
505 506 8
506 507 5
507 508 10
508 509 7
509 510 6
510 511 4
511 512 1
512 513 10
513 514 2
514 515 9
515 516 9
516 517 8
517 518 5
518 519 10
519 520 3
520 521 4
521 522 10
522 523 9
523 524 8
524 525 4
525 526 6
526 527 3
527 528 4
528 529 10
529 530 7
530 531 9
531 532 6
532 533 8
533 534 10
534 535 2
535 536 5
536 537 8
537 538 3
538 539 7
539 540 8
540 541 8
541 542 3
542 543 4
543 544 7
544 545 4
545 546 8
546 547 9
547 548 5
548 549 1
549 550 1
550 551 3
551 552 9
552 553 8
553 554 8
554 555 10
555 556 6
556 557 6
557 558 8
558 559 6
559 560 8
560 561 10
561 562 8
562 563 4
563 564 2
564 565 3
565 566 6
566 567 8
567 568 9
568 569 6
569 570 1
570 571 2
571 572 5
572 573 6
573 574 10
574 575 3
575 576 9
576 577 9
577 578 2
578 579 8
579 580 5
580 581 3
581 582 10
582 583 8
583 584 6
584 585 3
585 586 5
586 587 10
587 588 2
588 589 1
589 590 8
590 591 4
591 592 3
592 593 10
593 594 8
594 595 1
595 596 8
596 597 8
597 598 10
598 599 10
599 600 6
600 601 2
601 602 7
602 603 10
603 604 3
604 605 9
605 606 6
606 607 10
607 608 8
608 609 4
609 610 2
610 611 2
611 612 5
612 613 3
613 614 10
614 615 7
615 616 3
616 617 6
617 618 4
618 619 2
619 620 4
620 621 7
621 622 1
622 623 1
623 624 9
624 625 4
625 626 1
626 627 5
627 628 4
628 629 2
629 630 9
630 631 8
631 632 1
632 633 3
633 634 7
634 635 2
635 636 7
636 637 5
637 638 8
638 639 3
639 640 4
640 641 6
641 642 9
642 643 8
643 644 8
644 645 6
645 646 1
646 647 5
647 648 4
648 649 10
649 650 1
650 651 6
651 652 3
652 653 1
653 654 9
654 655 7
655 656 4
656 657 2
657 658 5
658 659 2
659 660 5
660 661 3
661 662 5
662 663 4
663 664 10
664 665 8
665 666 4
666 667 8
667 668 5
668 669 2
669 670 6
670 671 3
671 672 9
672 673 3
673 674 4
674 675 7
675 676 7
676 677 1
677 678 3
678 679 7
679 680 5
680 681 8
681 682 2
682 683 9
683 684 2
684 685 5
685 686 4
686 687 9
687 688 9
688 689 10
689 690 2
690 691 2
691 692 10
692 693 6
693 694 1
694 695 10
695 696 4
696 697 3
697 698 8
698 699 6
699 700 3
700 701 8
701 702 5
702 703 6
703 704 10
704 705 3
705 706 7
706 707 8
707 708 1
708 709 8
709 710 10
710 711 7
711 712 8
712 713 2
713 714 6
714 715 6
715 716 1
716 717 8
717 718 6
718 719 4
719 720 2
720 721 8
721 722 9
722 723 4
723 724 3
724 725 9
725 726 10
726 727 4
727 728 7
728 729 2
729 730 2
730 731 5
731 732 5
732 733 5
733 734 5
734 735 10
735 736 5
736 737 8
737 738 8
738 739 2
739 740 2
740 741 9
741 742 3
742 743 1
743 744 10
744 745 8
745 746 6
746 747 1
747 748 5
748 749 7
749 750 3
750 751 10
751 752 2
752 753 8
753 754 3
754 755 2
755 756 9
756 757 6
757 758 10
758 759 7
759 760 3
760 761 9
761 762 3
762 763 2
763 764 7
764 765 1
765 766 8
766 767 7
767 768 8
768 769 8
769 770 2
770 771 2
771 772 10
772 773 2
773 774 1
774 775 4
775 776 7
776 777 6
777 778 3
778 779 2
779 780 7
780 781 5
781 782 4
782 783 1
783 784 9
784 785 1
785 786 10
786 787 10
787 788 2
788 789 3
789 790 2
790 791 7
791 792 9
792 793 8
793 794 7
794 795 9
795 796 8
796 797 9
797 798 2
798 799 6
799 800 7
800 801 7
801 802 4
802 803 2
803 804 6
804 805 8
805 806 5
806 807 4
807 808 8
808 809 10
809 810 7
810 811 7
811 812 4
812 813 10
813 814 7
814 815 5
815 816 8
816 817 5
817 818 6
818 819 3
819 820 7
820 821 4
821 822 9
822 823 8
823 824 3
824 825 10
825 826 2
826 827 3
827 828 3
828 829 9
829 830 3
830 831 1
831 832 3
832 833 10
833 834 3
834 835 5
835 836 7
836 837 3
837 838 7
838 839 9
839 840 5
840 841 10
841 842 2
842 843 3
843 844 5
844 845 5
845 846 5
846 847 1
847 848 4
848 849 7
849 850 6
850 851 4
851 852 10
852 853 9
853 854 3
854 855 7
855 856 2
856 857 9
857 858 1
858 859 9
859 860 7
860 861 8
861 862 4
862 863 7
863 864 10
864 865 1
865 866 10
866 867 7
867 868 10
868 869 8
869 870 5
870 871 3
871 872 6
872 873 5
873 874 10
874 875 8
875 876 7
876 877 6
877 878 8
878 879 10
879 880 8
880 881 1
881 882 5
882 883 6
883 884 10
884 885 9
885 886 3
886 887 7
887 888 5
888 889 7
889 890 10
890 891 8
891 892 1
892 893 2
893 894 3
894 895 10
895 896 6
896 897 4
897 898 5
898 899 2
899 900 9
900 901 1
901 902 3
902 903 8
903 904 1
904 905 1
905 906 4
906 907 1
907 908 7
908 909 9
909 910 1
910 911 3
911 912 2
912 913 8
913 914 3
914 915 1
915 916 2
916 917 7
917 918 3
918 919 7
919 920 6
920 921 5
921 922 8
922 923 9
923 924 10
924 925 6
925 926 6
926 927 10
927 928 5
928 929 2
929 930 6
930 931 5
931 932 2
932 933 4
933 934 9
934 935 2
935 936 1
936 937 5
937 938 6
938 939 3
939 940 1
940 941 9
941 942 9
942 943 7
943 944 4
944 945 4
945 946 6
946 947 4
947 948 7
948 949 8
949 950 7
950 951 9
951 952 6
952 953 6
953 954 4
954 955 3
955 956 2
956 957 4
957 958 6
958 959 7
959 960 8
960 961 10
961 962 1
962 963 9
963 964 9
964 965 6
965 966 7
966 967 7
967 968 6
968 969 9
969 970 7
970 971 6
971 972 2
972 973 10
973 974 8
974 975 5
975 976 8
976 977 7
977 978 1
978 979 6
979 980 3
980 981 1
981 982 5
982 983 6
983 984 7
984 985 9
985 986 5
986 987 7
987 988 7
988 989 8
989 990 3
990 991 2
991 992 4
992 993 8
993 994 8
994 995 6
995 996 3
996 997 10
997 998 1
998 999 8
999 1000 10
701 77 6
931 90 6
460 480 10
43 273 8
953 258 2
329 786 10
290 791 9
104 688 4
509 910 1
410 673 9
705 56 1
93 548 5
60 383 9
189 676 6
420 422 9
156 384 3
701 863 7
573 954 1
433 209 9
696 668 5
18 379 5
731 4 3
1 85 1
569 367 7
6 580 2
471 646 5
324 272 5
837 368 7
60 68 7
651 550 4
7 130 3
330 16 8
817 837 7
471 990 4
286 922 1
717 279 7
620 317 9
107 496 8
674 665 6
249 894 5
850 669 2
961 113 10
572 818 9
72 523 3
200 401 5
309 157 6
944 901 10
904 146 4
953 828 3
193 773 10
778 447 4
185 27 4
369 848 3
744 468 5
923 404 2
39 61 9
472 44 7
978 173 10
415 856 3
980 995 5
405 379 5
751 609 6
559 660 3
923 594 2
715 188 7
13 464 2
14 600 10
450 833 6
516 64 7
600 519 10
838 239 9
417 919 4
435 763 1
696 559 5
964 24 7
620 384 3
606 610 10
653 796 10
499 974 2
130 52 6
862 748 6
452 5 9
31 266 10
805 365 1
323 560 6
600 468 4
684 48 3
116 259 1
909 300 1
393 353 8
881 361 6
720 147 8
641 836 5
30 578 8
922 938 2
564 98 9
213 149 4
429 282 8
595 245 3
441 419 4
407 62 3
399 875 5
48 342 7
684 702 7
278 485 4
595 46 9
635 854 1
89 685 6
645 249 6
907 250 10
914 288 5
470 322 1
238 633 8
385 35 4
808 673 9
590 495 6
783 862 10
589 432 8
992 594 3
513 53 3
949 694 1
668 596 4
522 624 3
249 846 3
330 166 10
186 919 5
516 754 7
889 963 4
720 140 3
8 846 6
36 431 10
642 178 6
792 763 8
568 387 3
630 928 3
865 618 2
422 606 7
929 858 7
988 973 2
594 943 8
858 433 1
278 423 6
275 538 3
130 123 2
315 846 10
262 5 8
260 33 3
802 438 6
797 567 7
779 465 9
238 575 8
137 453 4
938 32 9
712 762 1
518 285 6
43 115 5
526 649 2
482 567 8
756 933 4
398 439 2
931 188 4
289 200 7
143 315 10
755 498 5
921 530 1
399 105 5
118 698 4
804 42 3
366 118 7
892 578 10
718 754 4
868 807 6
521 968 9
975 779 5
183 194 10
821 688 8
692 460 1
677 523 4
831 580 4
249 794 2
412 81 5
83 752 3
691 507 4
346 514 6
43 82 7
436 896 2
846 996 4
342 379 6
14 837 8
567 565 4
646 804 6
213 883 3
185 987 5
350 815 4
468 666 7
252 249 1
528 953 1
435 701 10
292 518 5
276 729 8
87 12 2
629 985 6
777 692 10
22 389 2
93 479 8
261 295 7
941 602 10
27 983 1
300 40 7
39 729 2
153 155 8
383 230 9
988 896 7
775 329 7
794 896 1
334 907 8
433 161 3
764 360 8
541 948 1
482 947 4
274 338 1
887 337 1
668 742 1
526 255 2
584 143 1
226 542 5
916 326 9
346 434 9
390 440 5
627 835 6
598 225 7
357 437 5
901 329 8
240 938 4
167 252 3
399 282 4
565 443 1
162 982 9
783 23 6
174 66 7
163 496 2
332 297 3
885 773 5
796 434 2
16 421 2
388 128 3
263 412 9
215 629 7
506 259 10
470 861 10
300 97 8
510 268 2
602 211 8
282 356 6
268 320 5
84 893 3
406 648 1
603 33 7
603 315 10
80 103 6
209 799 8
491 932 9
995 121 5
260 769 3
889 204 6
369 348 6
394 845 5
526 686 2
657 211 2
395 899 1
830 308 5
665 367 5
282 896 5
420 946 5
382 49 7
362 427 7
719 727 4
548 629 9
613 280 3
306 251 9
568 283 10
729 684 2
478 959 6
390 778 3
320 517 6
827 896 8
314 760 3
306 102 3
371 47 10
237 926 10
471 939 6
236 707 9
476 690 8
28 351 4
727 601 7
336 15 9
187 912 5
941 655 8
693 436 9
792 396 3
197 463 2
293 977 4
12 96 10
129 452 7
89 365 1
339 692 2
952 946 4
656 878 1
396 761 2
816 633 3
344 266 1
148 525 5
979 140 4
32 139 7
266 889 6
87 892 4
861 820 9
928 174 7
806 500 5
613 723 3
267 74 1
933 553 4
333 849 9
483 994 5
729 337 10
168 776 8
540 318 6
822 173 1
126 776 5
344 745 4
934 666 10
719 686 8
62 127 5
113 428 8
568 325 7
296 945 4
446 346 3
232 73 4
925 477 5
18 631 2
703 661 1
973 663 5
880 829 1
684 648 5
134 780 10
349 667 1
722 547 10
923 246 6
683 910 4
328 385 4
840 671 8
550 202 6
958 489 8
981 189 6
589 241 8
615 258 10
190 692 6
734 357 4
926 54 3
133 208 5
791 449 2
614 691 1
670 661 3
408 867 10
393 614 4
182 875 7
191 278 7
47 959 5
932 909 8
360 267 7
297 758 10
633 807 1
701 258 4
389 812 9
373 364 6
308 83 8
217 163 3
882 324 9
10 410 8
884 497 1
75 129 2
293 478 3
743 912 3
645 451 3
940 6 1
369 210 5
698 486 2
161 801 4
340 561 2
114 866 4
533 184 6
366 141 10
367 57 8
205 592 3
224 631 10
782 658 3
544 38 6
703 78 10
269 773 1
439 878 6
19 283 2
37 401 2
162 336 2
350 804 7
420 352 4
96 439 6
91 69 1
751 988 5
424 593 9
388 611 5
211 875 2
289 77 5
212 481 8
413 511 9
478 525 6
633 200 1
346 143 1
730 949 4
411 743 4
49 529 7
748 919 3
790 57 3
845 506 8
169 897 1
632 503 2
565 456 4
602 342 6
10 120 3
963 313 2
22 466 1
196 119 6
724 983 8
834 446 2
978 325 5
198 444 4
220 304 7
1000 34 3
548 916 6
168 178 7
63 636 8
984 219 9
847 348 3
682 47 2
179 216 8
236 908 8
398 909 7
115 276 2
118 410 8
532 778 10
704 590 3
843 89 6
682 552 5
460 36 8
386 247 2
414 321 9
667 546 9
224 571 6
6 268 10
775 958 10
457 105 8
511 687 6
2 863 4
887 311 6
819 881 9
717 312 2
366 577 4
555 903 4
798 696 2
942 423 1
486 729 6
214 101 4
470 388 3
72 963 2
838 90 3
108 915 3
690 65 5
314 602 6
744 588 2
943 581 4
197 918 8
129 440 4
436 553 3
302 781 2
196 659 5
662 820 8
351 992 2
657 31 7
614 823 6
222 452 10
297 176 7
87 291 10
401 455 8
175 256 10
670 623 5
186 369 6
176 685 4
125 442 2
224 207 7
152 997 6
87 695 8
948 832 3
353 655 10
432 464 6
95 611 6
408 77 5
353 677 8
65 247 6
950 739 5
169 604 3
793 154 3
708 77 7
922 448 3
291 574 9
310 408 5
342 989 9
137 988 3
920 28 6
896 194 2
146 97 8
173 846 3
429 789 4
670 965 10
302 595 5
422 18 3
506 320 5
499 163 1
865 685 10
849 998 9
984 263 4
726 848 2
507 130 4
805 154 9
103 83 6
280 180 7
17 53 1
878 622 10
946 238 1
607 758 3
831 89 6
511 546 1
918 614 1
694 720 1
92 559 10
914 225 9
12 881 2
935 248 8
761 322 3
273 482 9
456 101 6
794 957 9
725 665 5
176 615 8
415 728 9
532 505 9
663 535 1
195 456 9
528 124 3
43 631 7
503 657 3
820 710 10
512 818 7
23 439 1
503 7 5
31 655 9
310 465 4
533 67 5
901 504 3
716 656 7
911 127 5
913 328 2
369 285 7
286 340 4
629 156 4
330 246 3
563 483 5
507 762 6
437 65 2
801 469 3
240 956 2
294 249 2
298 431 5
748 434 9
949 464 2
800 960 9
192 871 4
674 76 7
849 228 1
965 581 8
76 270 9
30 529 3
149 691 2
52 438 7
40 656 7
967 505 6
877 623 4
604 277 4
1000 931 6
566 485 1
741 463 3
98 969 9
564 243 1
271 208 1
506 433 7
538 103 10
398 120 10
205 406 7
232 751 4
121 814 4
361 265 6
605 288 5
772 148 8
317 889 10
450 926 3
832 128 1
37 153 1
694 766 9
299 888 6
185 817 5
557 251 8
390 418 3
531 257 10
124 267 8
194 697 5
889 996 2
184 235 3
775 154 1
44 895 4
458 487 10
779 227 10
20 562 10
41 37 2
549 450 8
37 74 3
592 816 4
594 271 6
331 77 6
822 746 10
32 981 4
970 744 3
647 343 8
468 642 8
870 336 6
423 832 9
653 846 1
225 976 2
598 77 5
444 193 10
203 930 7
48 812 4
678 34 7
49 619 9
175 881 9
22 473 2
152 217 9
218 729 10
554 333 6
394 706 10
129 999 8
835 828 10
438 334 9
164 842 2
968 396 5
680 636 4
533 516 1
983 468 8
503 87 2
299 373 1
562 774 9
585 84 4
819 801 5
801 809 3
615 94 8
546 799 1
611 696 7
33 772 7
983 926 5
522 372 5
994 397 7
225 175 6
236 604 6
331 26 7
115 202 7
644 696 3
127 416 7
838 996 10
290 774 7
576 50 1
147 234 2
111 293 4
270 654 3
290 292 6
194 843 9
770 758 5
474 547 3
461 509 4
10 302 7
226 174 4
664 80 9
992 558 2
963 630 10
599 752 5
769 200 3
583 90 3
979 743 2
354 739 3
695 382 1
513 730 8
81 547 8
603 736 5
573 888 3
376 946 4
854 478 3
759 219 5
423 964 2
984 827 5
596 635 10
93 62 6
958 187 7
212 126 4
156 598 10
158 946 8
998 875 9
504 971 6
248 158 6
60 883 5
47 788 1
700 549 3
358 511 5
348 997 4
293 261 8
148 208 5
421 322 8
980 739 4
211 548 1
953 205 8
292 662 10
824 630 9
501 828 6
359 433 4
824 295 6
735 999 4
292 36 4
207 119 2
483 125 7
597 564 6
628 2 10
255 702 7
235 882 9
145 349 9
361 839 5
798 273 3
458 490 7
310 518 8
303 912 3
681 603 1
284 342 5
54 294 1
709 975 4
442 173 1
100 54 8
921 510 6
542 203 7
884 911 1
458 689 7
479 405 3
294 302 4
426 797 10
519 160 9
349 57 9
819 623 5
362 43 3
745 91 6
311 330 1
489 694 6
868 12 5
816 337 5
601 110 7
484 884 1
376 804 4
588 543 6
149 938 2
655 73 4
981 562 8
422 916 5
279 712 6
76 737 2
639 906 8
268 819 1
900 528 6
673 534 4
629 392 4
802 688 7
127 652 2
245 184 5
546 740 7
550 939 4
586 306 5
196 957 6
55 132 6
51 157 2
483 615 8
312 887 8
265 111 4
507 530 5
12 496 8
65 262 7
801 908 6
537 744 1
841 956 9
426 773 2
784 101 5
316 664 10
790 661 5
783 117 1
246 930 2
854 72 7
828 141 2
695 554 9
810 213 5
646 925 7
315 792 1
661 123 5
201 147 7
263 374 1
606 738 3
229 619 10
513 926 10
519 446 5
46 813 9
13 273 5
782 304 5
896 457 9
728 526 8
952 651 2
174 472 7
162 85 1
338 925 1
643 958 2
708 239 7
477 264 5
219 380 1
423 762 10
740 515 8
241 338 3
263 876 9
739 596 10
261 174 2
328 682 7
942 998 7
433 172 6
500 807 1
424 491 3
101 192 4
415 865 5
532 182 3
952 987 3
681 70 5
852 341 3
507 102 10
581 773 2
518 501 4
214 221 2
416 689 6
142 922 6
8 50 10
501 954 8
881 827 1
674 522 10
942 816 4
566 346 5
308 452 1
835 578 10
5 850 2
162 783 1
793 35 3
401 157 9
285 810 9
871 989 5
778 243 5
527 309 10
504 822 5
109 665 2
488 308 1
235 627 1
458 339 8
960 47 9
787 861 2
675 432 3
64 637 6
250 408 3
877 148 10
491 810 8
39 179 9
607 457 6
715 537 4
872 437 1
697 981 1
36 634 10
126 821 4
446 934 1
830 850 7
112 53 3
815 598 5
850 838 5
24 125 8
825 56 7
331 892 6
107 78 9
694 792 6
52 702 8
975 555 8
895 481 2
274 460 8
464 997 8
502 764 6
31 50 3
668 594 2
908 348 4
990 114 4
472 259 1
520 187 9
78 478 2
830 948 1
783 580 8
453 133 7
412 617 1
888 364 2
404 514 8
640 846 2
774 50 8
660 31 6
599 609 4
93 544 10
922 452 1
486 912 5
5 61 8
202 198 2
820 342 7
542 787 4
958 753 4
322 481 10
785 329 5
831 634 7
563 817 7
56 698 3
550 276 9
424 716 3
735 143 5
2 713 10
247 420 4
377 818 4
362 648 9
5 335 8
91 871 10
531 525 8
877 665 7
106 375 5
299 838 8
815 267 5
850 75 2
336 564 6
686 266 3
272 445 9
17 382 2
774 552 10
581 144 2
690 731 9
227 278 8
527 843 4
676 254 1
653 1 1
978 350 2
363 972 5
950 498 4
57 357 10
768 675 5
340 161 9
47 174 7
545 134 9
594 754 8
335 406 4
361 32 6
703 943 5
80 696 7
416 159 10
473 304 3
876 593 7
976 933 5
161 155 2
668 362 5
636 530 1
706 928 7
667 615 10
924 314 10
362 259 2
950 127 6
958 306 8
98 665 8
903 240 9
606 304 8
353 551 5
915 507 5
121 860 3
439 457 9
539 492 4
833 581 6
482 929 3
482 819 8
467 128 10
93 798 5
689 390 4
437 948 10
91 791 10
533 584 6
683 994 7
106 190 9
334 555 1
372 223 3
801 250 2
911 593 1
804 562 1
900 727 1
780 459 4
225 303 9
811 98 7
505 874 10
362 764 8
167 46 4
699 494 2
961 542 7
755 144 10
7 205 3
367 341 4
420 894 6
136 650 4
189 67 4
906 706 1
427 644 5
54 37 3
502 32 2
244 429 5
317 894 9
400 422 8
723 408 10
293 693 8
946 222 6
868 858 2
183 846 8
823 535 4
662 785 3
594 977 4
100 428 7
634 889 6
90 93 2
295 586 8
476 374 6
162 894 8
712 88 5
108 220 6
654 687 6
426 239 3
92 957 2
837 66 1
606 310 8
248 844 7
779 858 4
533 135 9
5 937 10
999 24 9
402 459 5
550 368 2
524 613 4
182 928 4
330 993 7
857 673 7
6 860 2
573 171 9
701 120 4
289 57 9
28 9 4
241 344 3
643 442 10
161 421 8
694 827 9
324 701 10
747 666 6
429 485 6
363 976 5
215 80 8
442 695 10
881 788 5
928 314 4
980 978 10
26 705 8
173 921 8
350 637 6
296 660 6
776 174 4
768 912 1
117 474 6
153 18 9
755 611 9
727 605 6
689 85 10
694 513 6
68 243 3
777 866 9
876 148 4
387 22 3
688 604 3
108 501 2
497 248 1
993 882 9
781 256 1
413 673 5
87 65 5
656 160 7
74 60 2
913 742 1
524 23 1
587 201 10
503 391 9
129 860 9
785 763 3
453 810 7
947 663 1
230 910 6
837 107 4
78 531 5
133 409 8
624 140 3
194 738 4
302 256 3
456 362 5
120 442 3
896 399 6
126 630 10
683 508 10
907 53 3
283 869 7
768 885 7
443 417 2
72 367 2
605 250 1
14 573 1
574 50 2
185 334 9
489 224 8
411 729 8
821 642 3
550 446 9
255 127 1
643 348 2
690 847 1
928 855 5
696 954 7
19 851 9
358 929 1
580 474 8
631 304 5
153 286 2
830 673 3
519 87 1
672 460 7
747 242 8
510 314 6
418 819 3
586 149 8
226 94 8
11 388 9
765 939 4
579 542 9
359 963 3
306 330 5
908 569 8
197 593 10
661 56 3
452 921 4
164 718 1
335 679 8
591 28 4
939 729 2
51 585 3
972 496 6
404 280 7
490 880 2
453 107 1
248 373 10
109 851 4
692 257 5
305 863 8
305 287 6
85 509 2
116 479 1
961 446 4
577 837 6
373 159 8
679 595 7
135 721 5
699 572 5
7 670 8
454 682 8
826 893 3
902 372 4
54 98 10
608 700 8
285 236 5
755 69 10
526 329 9
855 544 2
86 656 6
934 127 6
825 318 9
795 116 7
200 93 9
935 996 8
300 916 2
843 424 9
632 699 5
959 203 4
48 675 6
639 857 9
658 215 10
43 638 7
422 263 1
75 722 1
340 964 10
545 114 1
813 924 1
209 130 2
35 971 10
709 395 3
80 156 2
957 903 10
330 569 1
409 169 4
656 877 1
180 220 10
758 392 9
738 41 10
914 2 3
943 699 7
720 525 8
515 685 1
784 965 10
64 286 8
372 487 7
544 658 9
484 610 1
638 404 6
718 729 3
795 788 3
439 563 8
264 24 1
673 172 8
903 535 4
278 21 4
716 245 9
153 686 5
561 788 7
658 361 4
790 605 1
629 949 9
690 263 2
188 542 6
152 347 8
322 740 10
662 193 5
888 641 7
211 535 5
985 173 1
741 364 5
564 888 2
243 225 2
498 170 5
832 594 5
672 41 5
428 92 6
879 241 7
105 299 5
374 256 6
387 260 6
370 21 9
119 415 8
585 676 8
107 722 3
324 950 7
628 884 10
522 652 5
855 704 2
220 610 2
934 965 8
299 993 4
782 959 8
16 489 9
54 867 8
769 77 9
286 63 4
13 225 7
660 645 1
258 285 10
810 184 4
205 854 9
528 57 8
254 369 4
225 848 7
422 372 2
863 104 3
234 790 6
944 709 10
322 874 1
680 332 10
691 984 3
978 508 3
219 524 4
858 104 7
708 305 2
257 547 8
372 879 6
783 443 3
437 395 7
130 117 1
828 197 7
975 208 3
808 472 9
554 373 6
869 808 2
854 371 10
808 310 2
966 394 10
833 120 8
822 976 7
820 941 8
170 800 3
415 159 2
152 549 10
81 745 2
823 593 4
968 562 8
705 676 2
76 687 5
158 893 4
602 494 3
258 854 2
80 983 5
913 637 1
248 829 3
338 303 10
540 39 3
509 166 10
427 510 8
47 459 6
270 729 7
965 22 2
221 67 10
473 344 8
268 377 1
224 330 6
81 495 1
186 937 6
220 36 4
915 27 1
940 942 3
343 338 10
101 86 9
542 387 9
46 103 1
718 28 9
805 561 5
977 477 7
428 765 9
709 570 2
653 842 5
890 872 5
635 993 3
878 12 2
160 235 3
625 504 1
374 415 8
823 33 8
83 213 1
494 429 5
344 570 4
147 399 3
666 968 10
174 522 1
361 942 9
855 789 10
10 571 5
229 609 3
956 517 10
932 962 4
219 281 3
779 354 7
308 742 8
403 44 1
421 873 2
120 365 8
39 974 3
85 902 7
21 830 1
386 223 4
465 771 5
549 445 2
558 595 9
434 933 2
252 521 1
989 122 10
828 409 4
903 55 3
957 35 8
268 910 3
949 618 9
884 861 9
290 147 5
974 473 4
322 63 9
558 508 4
79 441 2
102 35 9
478 665 8
19 622 9
211 125 4
53 278 7
236 810 9
10 864 4
407 810 6
661 718 7
352 598 8
664 447 2
859 643 1
255 207 4
361 19 8
312 739 3
120 596 3
298 180 10
338 515 2
266 356 1
743 852 5
230 429 5
736 381 10
258 556 9
284 752 8
707 162 2
278 104 4
83 830 6
934 440 7
36 83 4
480 927 7
198 926 1
190 904 8
93 485 10
278 688 7
901 484 7
450 765 1
888 26 4
624 250 3
486 687 3
121 79 1
187 13 6
466 538 3
913 693 7
916 772 2
839 10 1
892 827 4
750 279 6
904 472 5
172 686 9
241 244 3
868 185 7
788 643 7
787 251 2
9 377 7
972 566 7
797 918 9
425 802 3
460 282 1
387 135 5
412 568 10
731 309 3
517 543 3
754 544 10
345 540 6
243 455 9
278 141 7
448 400 9
364 596 2
163 341 9
46 672 4
597 774 2
893 854 3
446 521 4
819 967 7
440 421 6
35 182 8
578 197 4
929 14 1
714 719 9
580 444 2
775 77 6
157 413 7
225 829 5
737 658 2
972 825 10
827 540 1
694 712 6
740 811 4
416 55 3
724 607 10
529 262 3
283 888 7
849 826 9
576 645 7
765 623 4
253 248 10
997 106 9
335 666 8
55 59 2
52 676 3
378 9 10
262 745 3
227 964 5
413 580 5
6 45 4
928 801 2
170 400 6
398 701 5
737 165 7
144 360 1
296 840 6
999 967 10
274 773 10
262 634 8
737 841 7
193 348 7
691 728 3
763 44 6
824 981 6
794 696 2
809 43 4
968 540 5
355 852 10
624 76 7
814 410 3
489 699 1
1 286 9
766 511 10
17 169 9
871 594 3
137 350 9
214 423 6
832 340 10
938 227 7
703 826 10
392 551 6
492 511 3
51 68 8
938 731 4
862 569 1
135 327 6
286 416 4
500 52 5
498 850 4
622 507 5
434 578 1
640 215 3
83 776 2
863 975 10
252 725 3
254 644 9
819 984 1
673 227 7
926 920 6
93 148 5
993 739 3
516 908 2
34 574 3
549 537 1
607 842 7
192 819 5
386 351 1
650 231 7
549 564 7
492 710 4
935 280 4
876 987 7
939 820 10
75 104 6
554 2 9
15 570 9
285 630 8
575 742 3
675 951 6
324 554 8
911 456 8
789 938 1
233 719 9
469 925 5
977 711 3
702 259 5
664 580 1
614 873 7
562 342 2
544 419 10
94 952 2
845 761 7
716 526 4
684 111 7
453 944 10
595 484 5
626 232 8
480 630 10
882 938 6
812 632 8
796 832 7
205 892 5
156 51 5
166 29 5
475 220 8
712 834 3
957 822 9
475 218 6
193 322 4
159 736 8
995 542 3
340 84 4
708 394 8
405 713 6
52 169 9
197 96 4
632 517 10
253 638 1
192 186 2
578 52 10
286 794 4
73 11 9
999 830 8
881 693 5
307 278 6
622 959 8
671 213 5
132 830 9
984 387 5
188 277 6
273 178 9
407 619 9
325 126 2
951 638 4
403 197 9
980 58 6
960 11 8
536 426 8
799 537 7
706 602 7
123 532 1
959 536 1
183 819 10
507 476 9
762 433 5
2 561 3
470 953 1
765 238 10
418 267 6
401 332 10
535 953 8
418 579 10
317 19 8
184 640 9
46 653 2
175 719 5
597 413 9
256 925 5
850 672 8
112 310 10
966 332 8
263 201 7
251 168 1
801 125 2
158 634 3
184 520 8
961 411 4
773 468 5
168 847 8
91 298 7
839 518 3
720 411 3
771 977 4
567 457 7
861 859 1
457 56 6
882 865 7
577 802 3
568 666 2
822 250 8
240 674 8
26 942 5
152 865 10
501 848 5
761 86 9
723 327 4
584 923 9
443 908 9
873 998 3
257 843 2
218 85 4
835 308 9
119 842 3
972 184 1
151 924 4
299 875 7
767 640 5
60 743 2
398 750 4
186 360 6
926 654 10
926 546 4
687 164 6
712 258 1
860 828 8
232 343 8
172 879 5
319 348 7
799 994 7
36 588 5
453 794 1
921 400 10
442 349 5
566 246 7
742 581 5
452 428 6
313 929 10
591 395 8
746 96 6
135 748 3
831 328 2
300 209 10
65 184 2
164 987 1
263 546 10
150 815 1
327 58 9
941 165 3
296 514 3
313 206 1
384 163 6
219 58 2
217 612 8
489 119 2
976 953 6
360 286 7
994 199 6
753 813 8
567 376 6
842 721 2
547 524 5
163 348 4
43 368 2
235 282 8
560 125 4
173 860 9
528 328 6
920 345 10
527 323 3
81 611 3
296 173 4
254 95 5
27 245 2
222 633 5
356 667 1
105 725 9
996 640 5
151 393 9
750 454 3
769 763 2
783 386 9
893 586 9
996 986 10
457 680 3
474 676 4
744 486 5
324 892 9
966 374 5
467 850 5
378 972 10
576 805 8
66 485 5
505 714 1
344 412 8
824 730 8
228 17 8
791 556 10
762 530 5
561 936 7
366 220 1
440 545 10
772 452 2
337 65 4
764 587 3
628 922 5
128 625 4
196 805 9
699 282 4
810 359 7
703 519 6
568 20 7
971 157 2
465 952 1
888 959 4
898 68 3
372 497 7
330 71 2
790 902 4
860 40 9
392 889 1
132 244 4
246 862 10
12 353 5
905 830 4
360 163 5
724 95 5
60 882 7
558 426 5
631 931 6
1 840 2
272 336 6
849 246 5
887 785 8
777 979 2
201 989 1
191 448 6
782 863 9
525 38 8
196 690 6
595 459 8
216 600 9
610 241 1
401 344 7
771 943 6
69 375 9
866 891 4
451 29 10
146 454 4
367 937 4
784 875 10
587 1000 9
990 746 7
901 209 1
639 549 7
703 341 6
193 459 5
713 151 3
295 568 10
905 481 10
615 762 4
763 365 8
411 994 2
170 48 8
959 188 6
710 872 1
344 319 3
314 63 10
639 186 3
398 561 2
459 713 3
583 167 5
719 706 7
479 455 6
59 397 8
503 268 9
635 447 6
86 607 2
373 404 10
370 696 1
463 858 3
919 614 7
234 884 10
278 533 9
35 99 3
8 938 3
278 448 10
888 753 6
199 284 9
924 126 2
903 927 6
888 46 2
331 587 9
154 746 9
786 499 6
379 432 7
724 183 7
277 690 2
445 351 7
520 936 2
36 574 5
767 594 5
40 255 8
440 669 6
844 6 8
656 738 3
948 597 1
757 961 5
997 293 8
727 422 3
628 999 5
73 403 6
598 556 5
965 128 6
417 489 9
644 246 4
525 589 5
747 355 2
577 883 1
149 363 3
246 621 5
82 662 1
508 486 7
317 291 4
938 187 3
642 690 9
342 769 1
504 811 10
983 608 6
993 487 9
364 107 3
470 942 9
945 485 7
161 652 10
616 848 10
190 483 1
91 78 1
923 472 1
569 396 7
104 794 8
477 472 4
324 273 4
926 955 9
697 110 4
935 591 6
9 734 6
468 757 7
46 380 8
967 197 1
952 624 2
270 793 4
632 660 6
516 436 4
524 348 4
370 504 8
960 115 10
984 853 8
529 369 2
505 572 6
5 705 7
526 176 7
463 350 1
216 393 9
556 297 8
176 386 3
876 808 9
184 881 2
192 211 10
946 416 6
206 549 9
789 613 6
283 55 1
1000 557 5
303 127 1
668 832 8
536 823 8
456 771 10
474 343 10
970 940 6
234 808 5
688 643 9
268 260 4
22 625 10
825 983 10
997 510 10
371 968 10
323 417 3
134 329 5
469 459 1
946 900 4
732 208 3
268 985 7
917 756 3
67 21 7
413 757 6
771 766 1
948 533 9
36 759 3
867 116 7
895 316 10
391 583 10
165 6 1
130 184 3
177 42 5
554 710 8
488 962 8
497 912 2
391 747 10
834 412 3
50 566 9
360 439 4
353 624 3
993 144 4
676 33 1
119 3 1
856 139 4
518 466 5
33 109 2
445 933 3
121 816 4
793 727 7
710 960 8
425 513 5
746 627 5
690 794 9
602 77 2
811 983 1
24 943 5
815 980 3
545 233 8
793 169 9
860 503 6
148 899 3
606 288 10
82 180 7
675 27 8
572 403 9
829 887 1
626 798 2
363 168 4
859 719 3
176 275 9
215 697 9
566 916 10
214 166 8
201 725 8
755 270 4
935 232 5
389 369 5
424 117 5
529 860 1
166 774 5
182 908 2
560 128 7
677 77 4
794 851 8
626 331 3
593 548 3
259 780 3
469 341 5
446 75 1
313 779 6
541 266 6
768 491 10
567 24 10
729 854 2
91 933 10
78 938 4
193 185 6
39 519 10
266 389 5
199 764 4
305 994 8
916 599 1
186 489 1
436 419 8
394 651 1
324 934 6
443 235 5
101 650 2
758 741 2
473 345 6
477 358 10
199 48 4
177 719 9
155 770 8
758 256 8
652 521 5
17 497 1
873 424 4
778 983 3
721 741 7
252 60 2
344 654 3
290 415 5
273 204 6
208 366 1
613 610 6
429 447 1
463 349 3
109 115 9
325 84 2
623 407 6
799 264 10
562 231 10
889 6 6
356 351 9
800 147 10
493 246 8
561 765 8
474 828 6
672 633 4
96 809 1
892 385 2
140 62 3
300 522 6
650 920 7
64 750 1
345 666 8
795 210 2
243 460 7
728 815 7
261 276 6
369 453 9
852 721 9
341 244 4
843 428 3
846 437 10
44 34 8
181 797 5
784 770 8
478 639 10
156 109 6
640 809 8
40 484 6
847 968 9
964 891 2
300 869 10
976 49 9
302 158 9
304 278 3
763 576 4
67 406 6
117 70 1
268 395 7
402 188 8
11 368 10
198 706 5
555 786 9
426 981 5
573 842 6
202 477 6
886 445 8
396 394 1
165 512 10
785 690 2
121 916 6
558 417 2
234 93 7
346 408 7
88 877 10
81 34 6
940 701 9
573 445 1
936 76 10
505 822 3
889 394 6
355 734 2
299 464 6
129 477 2
505 922 2
258 830 8
723 657 10
577 201 10
399 221 4
302 580 4
123 364 7
75 985 7
85 750 9
367 269 1
548 9 9
834 409 5
659 997 7
779 3 1
585 623 6
440 521 3
286 132 8
342 18 8
80 995 5
669 158 4
498 90 4
562 828 2
824 214 2
227 431 6
795 793 1
734 690 8
987 362 5
74 395 5
933 612 5
985 211 3
268 32 10
672 473 5
149 427 5
403 138 4
111 411 6
22 669 7
816 111 1
890 464 10
447 79 9
248 252 10
661 252 4
675 815 5
507 429 4
133 764 3
164 587 7
254 158 1
537 766 1
913 439 7
619 113 6
576 881 9
194 551 1
956 680 9
432 627 5
770 774 10
956 663 1
457 651 3
518 533 4
843 967 8
416 138 5
319 857 8
58 796 9
798 631 6
966 196 7
439 545 6
764 5 3
650 57 2
452 23 7
778 77 5
748 605 7
761 650 3
689 475 8
13 932 1
667 230 8
74 195 3
287 932 10
644 506 2
767 460 9
18 979 8
689 638 2
62 273 9
352 314 8
55 157 2
283 497 1
747 334 10
455 441 3
566 595 10
215 453 3
482 775 1
466 583 1
526 651 5
210 173 5
937 174 7
336 924 2
680 563 5
347 997 3
479 769 10
98 364 2
986 611 9
391 656 2
190 478 9
545 976 8
61 943 9
608 795 1
152 475 4
452 676 3
83 259 10
52 122 2
617 348 4
305 361 8
617 116 9
142 862 1
153 670 8
373 747 10
697 937 2
399 372 10
19 113 4
222 98 5
28 557 2
209 870 6
682 611 4
986 174 6
969 596 10
829 407 2
551 5 4
199 819 9
957 188 10
163 532 7
83 133 4
20 992 3
432 643 6
614 618 10
127 101 8
182 865 8
707 293 7
432 941 9
268 783 6
611 179 1
496 902 6
30 916 10
883 43 9
390 254 8
514 220 4
912 411 1
986 452 7
21 858 7
343 302 5
424 155 6
896 45 10
143 141 10
644 474 5
968 780 9
410 348 4
865 550 1
460 438 6
275 91 4
816 235 8
575 607 1
202 412 7
879 777 8
953 960 4
572 492 6
325 319 3
461 476 10
836 133 7
431 881 6
527 12 9
590 529 8
737 742 2
361 746 2
9 366 10
700 515 4
659 422 9
240 751 4
635 963 5
487 751 8
821 944 8
986 664 3
827 527 3
210 809 7
481 326 4
104 364 7
223 847 1
721 124 1
222 752 5
401 656 4
679 3 10
275 667 10
746 67 8
323 453 8
440 517 6
454 775 4
501 60 3
179 905 4
147 323 6
237 908 7
412 364 2
28 769 6
811 891 3
635 293 9
860 209 3
813 908 2
940 566 6
280 671 9
630 471 4
834 362 2
357 601 7
191 841 6
167 511 4
332 218 3
104 140 10
5 276 7
833 136 6
427 147 6
712 893 7
857 228 10
964 269 6
6 368 1
714 875 1
716 295 4
969 482 7
663 87 6
568 940 5
273 672 2
995 439 3
634 409 2
588 14 2
235 152 10
360 89 5
64 17 5
355 646 6
796 769 7
136 674 10
230 488 1
456 211 4
917 156 10
755 251 10
869 792 10
391 134 6
213 372 9
277 657 10
6 741 4
763 359 1
175 571 7
847 243 9
834 407 3
710 216 9
296 759 10
937 985 9
213 110 5
948 683 2
368 548 9
336 416 7
43 943 1
862 933 8
283 881 2
254 803 7
729 685 9
996 894 1
308 134 9
586 657 7
520 965 3
631 208 7
727 352 2
401 336 3
103 900 4
869 577 1
942 290 10
458 316 5
316 824 2
720 622 8
946 137 9
231 169 8
482 981 5
141 156 8
486 725 6
421 387 2
87 315 1
824 343 9
933 377 3
277 765 6
762 60 2
990 450 2
942 71 4
74 775 9
359 301 4
949 238 9
673 53 10
655 520 8
177 48 2
726 980 5
984 823 9
812 684 6
402 708 1
799 845 5
602 761 6
733 500 8
298 856 5
149 421 2
47 933 2
85 601 8
204 652 6
966 446 10
174 163 10
858 332 5
218 544 4
305 6 2
236 421 10
538 62 5
788 482 10
300 423 7
351 219 3
331 981 5
23 105 6
115 277 5
753 748 5
438 815 9
574 87 3
462 647 1
510 721 4
650 555 4
945 596 6
24 498 7
113 653 1
815 323 1
103 368 8
356 183 3
242 629 4
612 913 8
320 273 9
191 59 5
345 146 8
254 334 6
865 631 7
526 687 9
565 260 7
379 540 8
949 127 6
873 715 1
781 674 2
160 640 1
194 662 2
516 957 10
808 192 5
333 224 1
835 291 5
748 532 5
345 794 9
445 128 7
130 945 3
737 411 10
604 105 5
475 113 3
261 757 1
347 590 1
256 392 10
47 900 3
363 782 3
615 226 8
295 955 8
520 620 1
53 481 9
147 156 10
397 342 3
333 983 5
637 28 9
647 789 9
189 872 9
506 200 5
37 867 5
799 296 9
11 396 5
44 142 4
44 576 5
289 552 2
349 206 8
363 865 2
28 538 7
201 998 6
596 789 3
889 658 7
830 769 4
684 83 8
733 919 5
671 481 10
310 447 9
636 385 3
406 762 10
86 319 3
878 453 6
492 466 10
452 99 9
798 21 9
876 279 6
456 864 6
439 999 2
88 168 2
294 389 10
848 715 9
828 785 1
541 125 8
272 365 6
526 698 5
230 345 9
997 68 6
227 539 8
744 768 9
328 442 6
51 114 3
682 472 6
48 647 6
762 370 10
581 554 4
513 900 6
678 771 9
474 905 9
160 915 6
667 829 1
325 694 1
366 850 3
805 1 4
295 128 2
125 66 1
788 60 3
471 855 2
678 385 9
496 663 5
2 408 7
511 447 7
741 278 6
206 334 1
360 729 4
187 178 9
833 425 10
826 90 3
955 113 3
817 601 4
997 550 7
967 958 1
653 237 2
521 42 7
893 746 10
687 47 5
3 175 10
909 383 10
761 169 9
143 364 3
571 801 8
445 702 3
57 743 5
596 822 4
206 301 9
264 933 8
282 139 4
430 920 6
346 517 8
288 639 4
129 411 4
461 487 8
312 844 8
23 934 3
436 404 5
290 487 8
224 715 2
792 736 2
742 697 7
440 171 10
51 561 10
858 164 9
559 879 4
756 118 9
411 770 1
360 645 4
660 546 4
152 911 5
631 227 5
986 627 10
810 686 1
498 605 9
861 440 9
926 230 5
279 259 5
835 486 6
293 722 10
173 192 10
200 397 9
337 589 6
111 704 4
439 404 5
194 492 4
236 856 4
867 951 10
721 22 9
409 20 9
332 240 6
443 636 2
214 285 5
421 133 2
268 718 4
454 699 4
141 17 5
572 347 6
779 330 9
540 36 3
832 669 7
197 329 9
358 187 4
522 58 5
258 965 5
505 231 5
472 765 6
396 212 3
236 64 10
925 427 7
508 830 4
798 770 6
827 64 2
264 332 3
546 224 6
851 224 10
575 276 5
651 217 5
18 919 5
32 953 4
899 113 7
770 620 8
58 122 10
283 664 6
12 743 7
126 121 1
418 965 5
225 614 9
687 85 4
792 282 5
430 976 1
497 893 1
34 96 6
280 556 4
694 57 9
928 417 9
998 669 4
557 745 8
800 994 2
738 664 5
763 113 1
970 777 10
50 745 7
721 62 4
232 397 2
179 264 8
695 748 5
530 451 6
468 161 5
303 275 5
482 368 10
123 226 9
883 256 6
745 421 6
647 444 9
795 853 4
899 440 3
734 23 9
733 659 1
140 155 4
603 706 6
614 863 10
180 993 9
394 513 4
667 125 2
555 175 9
549 521 3
212 180 6
179 738 4
247 373 4
209 953 9
678 246 5
33 59 6
527 966 7
771 839 2
355 959 10
888 306 10
138 475 1
981 122 10
728 237 4
6 536 4
201 28 6
699 55 2
262 739 8
999 254 2
544 331 5
706 581 2
142 893 3
205 157 2
476 411 1
419 994 7
856 862 10
212 749 8
504 525 7
101 542 10
938 215 1
514 543 9
825 15 2
862 941 6
332 647 4
577 22 3
382 905 10
648 158 3
990 183 2
213 920 1
661 180 7
391 350 1
927 705 9
31 529 7
975 906 8
273 288 8
630 125 4
610 81 9
361 197 2
76 68 8
577 700 7
712 195 6
427 806 10
237 483 3
900 192 6
700 104 8
625 26 4
689 385 7
42 39 6
10 406 10
374 451 8
432 195 3
313 598 2
101 563 3
309 364 5
803 885 3
624 378 2
691 644 8
503 681 4
274 995 5
353 886 6
554 415 6
266 104 3
639 36 1
599 441 2
848 908 7
772 890 5
75 20 10
786 510 10
8 653 7
617 779 10
643 581 4
194 411 5
381 318 6
112 730 3
873 327 3
943 124 10
970 225 4
837 82 9
557 724 2
62 473 7
477 832 10
65 130 7
156 406 2
934 241 1
18 456 5
143 279 4
420 864 3
814 515 10
207 566 4
373 230 7
468 963 10
466 833 9
718 23 6
831 14 6
253 327 9
633 745 1
340 649 9
142 373 2
160 610 7
31 982 1
1000 402 3
404 653 8
807 699 1
187 508 9
410 327 5
60 556 1
679 468 4
647 866 6
387 788 2
249 434 2
57 789 10
331 706 5
952 713 6
767 392 10
705 366 2
400 805 5
740 233 5
961 815 9
336 631 10
254 512 2
375 549 9
57 907 1
882 600 8
348 514 6
72 220 10
171 708 3
518 878 2
713 651 8
115 578 4
950 581 1
905 944 2
118 376 10
839 97 4
642 659 9
738 298 2
753 121 8
70 667 1
674 401 2
890 996 7
805 20 4
75 376 8
89 694 7
613 486 7
142 994 6
461 269 8
689 528 3
709 367 4
383 369 5
221 563 10
494 183 2
115 451 6
99 559 5
448 932 6
149 859 7
967 367 1
943 948 1
72 115 2
994 679 2
101 822 7
425 127 2
424 750 8
128 914 9
411 668 1
799 831 1
906 833 4
788 223 1
913 561 4
684 904 3
988 65 8
106 405 3
962 722 9
78 905 7
225 734 5
278 408 9
4 947 9
560 956 8
510 24 4
588 404 1
123 32 4
860 561 6
839 447 4
514 561 9
723 296 1
392 496 5
129 302 3
376 433 4
487 158 6
661 716 2
595 498 5
473 133 1
585 181 10
344 862 3
305 464 7
182 79 3
919 256 10
894 687 8
652 82 1
35 881 10
80 263 6
273 564 3
630 823 1
549 884 1
14 36 9
517 846 8
502 3 9
103 890 1
609 427 4
982 681 8
256 85 8
930 825 4
460 517 4
215 148 9
463 689 1
471 204 6
213 663 8
184 291 4
10 900 4
601 824 3
1 194 2
197 779 6
926 50 10
214 41 10
437 358 2
797 652 6
783 546 9
685 654 10
119 894 9
630 511 6
61 905 1
130 943 4
811 340 2
432 495 10
574 990 10
289 70 2
905 252 7
534 646 10
274 976 9
664 392 4
55 473 3
772 321 2
130 96 8
481 938 5
592 745 1
272 232 4
505 425 9
528 872 1
433 159 7
18 172 9
345 194 7
625 701 4
972 919 6
97 799 5
426 708 4
180 420 5
99 932 3
601 54 8
406 141 5
955 889 8
193 428 10
241 771 4
501 484 7
283 87 5
824 581 8
749 189 3
477 354 9
374 920 3
18 760 8
751 378 9
411 780 3
833 113 1
610 988 9
881 979 6
545 29 8
202 437 10
88 144 4
522 787 8
980 742 4
292 986 2
645 643 10
909 723 5
288 976 6
568 857 6
871 695 2
791 846 3
916 32 7
809 243 6
171 208 10
993 133 7
450 332 4
111 762 7
180 130 9
201 786 3
335 211 2
516 401 6
68 707 6
125 605 6
47 250 1
599 595 4
682 978 7
359 922 3
351 99 4
78 334 7
398 66 6
298 232 10
677 986 8
606 620 4
874 280 2
954 282 5
762 792 4
861 764 5
283 950 7
234 981 8
646 786 3
582 31 6
505 993 10
353 539 4
307 779 3
574 329 9
416 300 4
794 503 8
145 91 4
436 347 10
59 335 7
468 973 7
970 397 2
272 429 9
34 302 5
590 979 3
33 30 7
719 223 5
611 481 8
251 911 5
629 249 10
350 458 4
255 788 2
386 231 1
761 422 9
974 369 1
910 348 10
192 224 7
910 95 2
120 757 6
155 756 3
578 62 2
84 112 4
523 557 7
178 639 5
872 665 6
314 268 4
777 880 7
432 973 5
787 839 1
937 281 2
381 805 1
741 839 3
468 872 5
953 584 7
728 553 3
722 40 4
874 594 6
262 898 10
311 247 2
476 353 9
835 562 7
744 218 6
658 332 10
369 149 3
113 927 6
796 847 10
331 76 1
364 905 5
698 768 1
568 930 3
71 10 3
732 218 8
640 566 10
686 825 8
686 767 4
925 837 6
913 270 9
636 350 10
289 493 6
724 640 7
243 143 2
860 369 2
955 259 2
104 300 9
158 138 7
889 44 10
703 889 7
393 271 1
406 176 5
493 21 2
729 370 8
937 257 4
454 558 6
647 903 6
771 606 7
552 218 2
126 146 8
309 59 2
165 525 4
462 983 1
337 258 4
727 366 8
996 29 5
964 906 7
256 818 8
258 694 1
210 652 3
995 70 10
983 241 5
970 490 8
349 804 7
242 832 8
434 966 2
469 736 5
105 221 8
419 314 9
297 577 4
798 604 7
138 912 2
741 868 8
588 905 6
768 985 5
654 195 10
25 678 7
102 115 10
384 663 9
192 623 4
846 895 7
926 826 7
121 117 10
951 849 7
313 199 1
654 84 2
84 58 6
372 709 5
789 784 9
919 427 7
813 523 9
329 257 6
587 101 7
8 290 1
910 895 6
615 588 5
355 255 6
885 844 2
877 453 1
47 359 10
80 712 10
352 363 3
454 95 6
707 785 8
956 689 5
992 134 10
715 260 4
390 760 6
491 195 3
847 122 7
64 917 2
90 202 10
311 15 6
196 822 2
643 224 7
106 621 2
235 506 6
364 740 8
308 763 1
235 924 8
982 515 2
717 619 5
88 85 5
130 513 2
598 2 8
471 281 3
340 726 4
310 781 9
451 851 9
999 440 7
762 935 4
386 333 10
693 563 7
16 682 3
427 130 8
994 241 1
69 562 5
97 913 8
786 490 7
255 9 8
671 507 10
1 201 6
564 146 7
486 96 5
263 887 9
536 151 5
958 846 8
35 160 7
293 147 7
220 423 8
67 627 7
278 61 4
445 430 5
424 143 6
341 509 10
28 627 5
377 13 1
539 726 10
504 358 3
343 204 9
331 805 3
619 933 5
325 939 7
613 589 4
648 984 1
829 259 6
462 850 6
404 120 5
344 507 8
981 299 6
78 264 8
250 760 6
135 6 10
996 1000 2
130 267 1
73 640 2
256 847 6
255 343 8
481 635 6
204 702 5
38 688 4
859 342 7
203 958 8
601 515 1
808 874 1
29 393 9
30 228 9
978 640 5
986 967 10
804 711 2
944 304 9
309 225 6
59 436 7
49 795 9
213 982 1
389 661 1
618 277 7
323 193 5
813 89 2
423 299 6
812 39 3
75 887 3
4 395 8
718 722 7
148 896 9
719 159 5
25 360 8
271 927 7
730 597 9
776 206 7
856 270 5
810 924 5
85 153 8
540 811 10
735 997 7
51 572 1
138 490 2
86 307 4
369 552 5
708 108 3
880 657 6
933 441 7
713 81 6
539 510 2
418 971 9
301 591 6
940 788 10
672 117 1
248 406 2
358 531 4
347 332 9
870 200 1
718 98 9
96 846 3
698 795 1
190 336 10
325 25 10
578 980 7
698 903 5
965 547 6
896 919 9
537 485 4
439 197 2
655 207 1
626 316 2
800 4 8
162 414 7
387 725 7
154 78 9
666 101 2
417 196 3
981 546 1
345 656 8
848 514 6
271 294 6
531 707 10
819 618 4
273 620 5
718 163 3
614 111 10
584 389 5
77 640 2
158 601 8
442 387 4
507 55 1
209 384 6
543 454 3
194 119 3
190 995 10
109 275 8
796 97 5
836 569 1
732 825 1
223 189 3
637 582 9
143 589 7
724 980 10
803 962 10
808 975 9
848 379 4
106 428 8
584 907 1
627 931 6
425 369 1
631 360 4
509 779 4
266 375 8
345 747 1
173 806 6
825 226 7
800 672 9
426 295 6
693 895 4
64 600 7
710 234 6
339 803 2
695 872 5
494 417 10
71 459 10
990 776 7
949 12 6
975 429 3
406 371 10
557 366 6
35 445 3
123 301 10
185 896 10
712 576 1
304 138 6
362 790 3
172 715 1
830 731 7
196 961 8
598 492 7
389 929 1
975 992 8
231 216 10
570 864 10
700 109 7
499 94 9
545 515 7
885 731 4
4 457 8
340 99 9
8 61 8
488 559 2
9 685 3
983 434 10
938 950 5
439 929 2
488 484 5
840 331 3
542 730 10
220 962 10
528 6 8
773 565 10
472 594 4
832 591 2
353 642 4
459 253 8
508 984 3
456 32 7
381 690 6
862 651 5
230 317 2
285 689 4
278 352 4
281 434 9
980 426 4
213 625 7
889 838 1
571 645 4
598 171 5
88 855 10
576 901 6
726 106 2
868 808 4
8 45 5
119 157 1
877 228 10
993 573 5
195 28 6
951 180 4
479 20 8
844 192 6
706 867 5
211 893 10
532 39 8
331 119 4
106 310 4
269 320 3
507 500 7
194 830 8
950 910 3
669 812 8
961 47 3
177 151 1
158 971 10
992 560 10
686 505 8
226 386 8
384 889 2
136 730 3
912 707 10
653 454 5
987 916 2
238 143 6
491 192 5
805 947 3
8 160 7
784 526 2
845 442 2
860 638 7
463 129 1
424 736 3
901 725 4
281 574 7
53 29 2
823 425 4
239 581 9
407 496 1
606 583 6
237 293 5
743 255 10
311 329 3
419 344 4
724 694 8
865 745 1
119 271 4
279 738 5
214 503 5
365 178 7
51 19 2
59 786 7
863 319 9
55 662 10
801 31 7
826 60 9
882 223 4
178 783 10
61 946 9
760 387 7
90 276 2
428 357 8
785 626 9
727 478 3
237 954 8
282 997 7
289 786 5
49 190 5
798 966 3
826 588 4
856 724 6
622 751 4
694 521 1
804 787 7
111 846 7
751 912 5
931 888 2
946 709 1
814 493 10
425 525 3
249 3 3
780 383 6
509 369 5
12 248 5
711 477 9
402 90 3
821 955 5
719 367 1
727 515 2
722 988 6
416 410 7
119 11 10
714 987 1
791 399 1
423 80 8
290 637 4
39 444 9
793 550 5
328 432 3
259 134 8
399 356 1
434 963 1
997 675 3
50 503 10
946 520 9
255 629 2
733 310 10
954 298 1
954 2 5
11 891 7
94 179 7
727 782 8
741 30 4
45 969 2
347 871 2
159 141 1
951 62 6
400 985 7
376 861 7
566 671 4
58 269 5
548 680 2
520 562 10
830 340 5
215 920 2
84 163 3
504 596 5
514 817 3
205 328 9
70 243 7
537 754 4
181 371 1
744 904 10
526 114 1
655 898 10
947 759 2
801 783 5
998 277 3
447 25 3
735 42 3
187 905 2
434 538 6
834 708 2
135 575 10
811 66 10
143 237 7
925 763 7
3 217 10
70 731 7
804 466 2
798 534 9
83 927 10
605 583 5
317 675 4
722 24 10
108 149 4
627 856 10
872 74 2
194 766 5
70 174 2
55 719 8
641 925 5
309 199 10
612 665 6
449 972 3
481 354 9
724 721 2
662 354 3
318 327 7
221 40 6
505 689 6
634 34 10
852 229 5
798 125 1
751 225 1
849 441 9
357 230 4
826 264 8
66 570 9
885 193 4
31 174 8
310 939 4
428 758 4
751 2 9
345 921 10
448 522 2
906 480 3
857 440 5
924 276 3
201 94 8
350 786 7
215 989 6
106 790 7
488 689 2
200 467 7
594 724 5
679 285 4
151 70 6
650 885 7
772 317 10
953 670 9
453 254 1
224 686 6
527 798 3
262 959 1
968 852 3
978 199 8
776 105 10
45 264 4
257 884 5
779 481 4
39 916 5
38 51 7
762 531 6
31 697 5
68 269 4
258 45 10
316 129 8
941 898 4
8 37 10
697 400 3
36 327 4
244 141 2
718 220 7
755 637 6
512 730 8
843 94 10
664 844 5
667 318 10
499 756 2
504 219 4
270 666 5
639 593 9
949 510 5
948 520 2
845 180 4
899 791 1
981 843 2
932 277 7
906 265 6
366 18 3
224 407 9
500 903 10
856 975 2
952 937 10
780 975 3
687 172 9
798 392 8
160 473 9
442 627 6
274 26 7
651 481 3
638 811 10
689 612 10
879 382 7
105 462 5
786 591 4
572 359 7
850 505 5
234 580 1
319 92 2
875 1 9
103 403 4
943 686 5
820 284 7
87 235 5
766 688 3
839 436 3
201 106 5
561 4 9
367 773 1
129 739 4
185 522 7
187 857 9
238 517 7
882 392 4
287 53 1
248 352 10
50 584 9
930 844 10
627 513 4
737 518 2
271 90 6
122 929 9
758 53 2
815 28 3
209 66 6
92 768 5
502 148 7
929 850 10
318 638 4
372 998 1
972 434 5
854 304 6
752 517 2
393 285 10
164 68 5
920 624 9
407 978 3
72 609 1
732 582 2
456 739 5
865 411 2
662 628 10
908 120 1
331 962 2
405 531 4
660 386 9
587 56 4
94 365 3
157 987 4
73 193 3
161 148 8
523 389 10
171 90 5
759 223 6
87 649 4
627 623 5
882 461 5
580 454 2
136 656 2
407 395 8
829 440 3
991 802 1
679 486 1
944 965 3
637 780 8
847 440 9
290 534 8
466 305 10
675 21 5
147 624 9
349 119 4
433 597 5
16 731 5
280 22 4
688 393 5
306 409 6
329 313 10
235 332 2
420 123 1
242 816 9
522 923 1
23 81 3
297 537 8
314 746 4
88 225 4
74 774 4
305 163 4
209 469 5
945 968 7
368 982 8
16 564 2
918 109 5
431 475 4
969 270 2
748 319 10
250 291 2
388 614 3
150 648 6
743 527 4
713 244 7
526 563 5
983 504 9
790 860 6
504 889 2
531 692 1
728 951 7
142 397 9
802 542 2
584 66 8
739 209 4
499 216 5
900 525 3
947 525 6
121 316 2
852 43 3
182 650 4
865 824 10
46 240 6
101 167 5
389 61 10
338 215 6
584 661 10
918 180 9
531 756 5
543 229 10
523 879 5
920 99 9
625 685 7
815 978 8
474 188 5
487 885 3
451 576 10
498 743 4
297 171 7
598 672 6
215 469 5
304 129 3
216 268 3
232 234 7
821 826 3
38 323 8
855 977 9
795 560 6
469 424 9
967 740 1
137 774 7
586 340 6
195 190 5
116 151 3
906 240 10
532 932 7
184 468 4
447 432 9
114 148 2
734 478 1
298 155 9
124 215 8
514 570 7
925 982 10
78 326 2
329 981 10
807 278 7
476 389 5
580 683 4
5 456 10
578 709 7
34 233 4
516 184 1
654 229 1
267 127 7
208 557 4
458 919 1
455 61 1
616 300 2
574 67 5
450 690 10
831 475 1
665 207 6
650 909 1
886 680 9
925 545 9
792 645 3
369 98 1
25 557 2
383 468 4
890 528 9
187 219 5
283 32 3
461 187 9
117 142 7
980 809 1
887 716 4
71 918 10
824 381 6
853 796 6
883 69 2
559 395 5
220 496 3
948 720 9
581 915 9
692 970 2
280 830 1
886 73 9
746 442 10
745 149 9
302 448 2
516 152 6
119 716 5
520 856 7
587 57 3
523 918 9
425 604 8
310 373 8
154 757 4
784 612 3
392 865 4
28 817 2
692 84 7
832 10 5
641 261 3
412 925 8
146 3 5
267 206 10
54 733 10
951 933 9
660 474 10
952 750 5
323 846 2
550 744 5
376 65 6
163 49 8
541 145 2
167 346 8
153 372 3
292 980 3
819 987 3
761 307 5
737 422 8
516 215 3
322 569 7
926 765 5
484 939 10
915 229 10
929 336 3
981 928 10
227 544 1
103 863 8
636 840 4
393 448 2
144 748 10
108 404 6
808 164 1
431 898 1
81 301 7
868 892 7
436 900 5
848 569 2
729 514 1
517 971 2
643 201 4
240 206 2
455 769 1
898 353 9
559 658 6
704 376 1
956 443 2
69 44 2
683 749 8
683 289 4
572 790 5
150 911 8
606 191 1
757 429 3
940 498 2
877 256 4
746 777 7
805 183 10
276 506 5
894 116 2
682 29 8
250 413 6
323 65 5
820 246 6
645 907 7
646 417 1

