500 10000
123
1 2 1
2 3 6
3 4 6
4 5 5
5 6 5
6 7 4
7 8 10
8 9 8
9 10 10
10 11 10
11 12 10
12 13 8
13 14 3
14 15 9
15 16 4
16 17 7
17 18 4
18 19 8
19 20 4
20 21 8
21 22 5
22 23 4
23 24 9
24 25 4
25 26 7
26 27 5
27 28 7
28 29 8
29 30 10
30 31 4
31 32 7
32 33 4
33 34 4
34 35 3
35 36 3
36 37 9
37 38 6
38 39 6
39 40 1
40 41 7
41 42 1
42 43 5
43 44 10
44 45 2
45 46 8
46 47 8
47 48 6
48 49 9
49 50 1
50 51 1
51 52 4
52 53 4
53 54 5
54 55 7
55 56 6
56 57 7
57 58 4
58 59 4
59 60 6
60 61 4
61 62 2
62 63 3
63 64 7
64 65 9
65 66 1
66 67 5
67 68 3
68 69 7
69 70 2
70 71 4
71 72 2
72 73 5
73 74 1
74 75 5
75 76 5
76 77 3
77 78 6
78 79 3
79 80 5
80 81 5
81 82 9
82 83 6
83 84 5
84 85 7
85 86 1
86 87 9
87 88 10
88 89 8
89 90 2
90 91 10
91 92 1
92 93 9
93 94 1
94 95 9
95 96 2
96 97 2
97 98 8
98 99 3
99 100 3
100 101 9
101 102 3
102 103 2
103 104 4
104 105 3
105 106 3
106 107 7
107 108 10
108 109 10
109 110 1
110 111 2
111 112 4
112 113 7
113 114 10
114 115 1
115 116 2
116 117 8
117 118 10
118 119 5
119 120 1
120 121 5
121 122 9
122 123 10
123 124 8
124 125 5
125 126 8
126 127 9
127 128 10
128 129 6
129 130 5
130 131 8
131 132 10
132 133 1
133 134 9
134 135 10
135 136 4
136 137 5
137 138 4
138 139 7
139 140 10
140 141 6
141 142 4
142 143 9
143 144 2
144 145 4
145 146 1
146 147 3
147 148 7
148 149 7
149 150 1
150 151 1
151 152 5
152 153 7
153 154 9
154 155 9
155 156 1
156 157 8
157 158 6
158 159 5
159 160 10
160 161 1
161 162 7
162 163 4
163 164 8
164 165 3
165 166 3
166 167 2
167 168 3
168 169 8
169 170 7
170 171 5
171 172 10
172 173 2
173 174 2
174 175 1
175 176 2
176 177 9
177 178 8
178 179 4
179 180 10
180 181 5
181 182 2
182 183 1
183 184 4
184 185 5
185 186 9
186 187 2
187 188 6
188 189 1
189 190 3
190 191 4
191 192 7
192 193 4
193 194 8
194 195 5
195 196 6
196 197 5
197 198 7
198 199 3
199 200 7
200 201 1
201 202 9
202 203 2
203 204 5
204 205 9
205 206 1
206 207 4
207 208 10
208 209 4
209 210 4
210 211 5
211 212 4
212 213 10
213 214 6
214 215 3
215 216 9
216 217 7
217 218 8
218 219 8
219 220 10
220 221 1
221 222 7
222 223 8
223 224 5
224 225 5
225 226 6
226 227 1
227 228 4
228 229 10
229 230 5
230 231 4
231 232 10
232 233 9
233 234 3
234 235 4
235 236 6
236 237 4
237 238 4
238 239 7
239 240 3
240 241 8
241 242 4
242 243 2
243 244 7
244 245 10
245 246 7
246 247 6
247 248 5
248 249 7
249 250 8
250 251 8
251 252 1
252 253 9
253 254 8
254 255 1
255 256 4
256 257 9
257 258 10
258 259 4
259 260 2
260 261 8
261 262 1
262 263 4
263 264 10
264 265 10
265 266 8
266 267 9
267 268 4
268 269 3
269 270 6
270 271 2
271 272 7
272 273 7
273 274 8
274 275 9
275 276 9
276 277 7
277 278 6
278 279 5
279 280 3
280 281 3
281 282 6
282 283 9
283 284 4
284 285 10
285 286 4
286 287 7
287 288 5
288 289 10
289 290 3
290 291 8
291 292 8
292 293 8
293 294 6
294 295 9
295 296 10
296 297 6
297 298 5
298 299 3
299 300 3
300 301 10
301 302 3
302 303 9
303 304 5
304 305 3
305 306 1
306 307 4
307 308 9
308 309 10
309 310 4
310 311 5
311 312 5
312 313 9
313 314 4
314 315 5
315 316 3
316 317 4
317 318 6
318 319 2
319 320 10
320 321 2
321 322 2
322 323 8
323 324 3
324 325 2
325 326 4
326 327 4
327 328 6
328 329 6
329 330 5
330 331 7
331 332 6
332 333 6
333 334 7
334 335 7
335 336 1
336 337 4
337 338 4
338 339 9
339 340 10
340 341 7
341 342 5
342 343 7
343 344 7
344 345 2
345 346 4
346 347 9
347 348 2
348 349 6
349 350 1
350 351 4
351 352 5
352 353 3
353 354 10
354 355 9
355 356 7
356 357 2
357 358 4
358 359 1
359 360 2
360 361 10
361 362 9
362 363 3
363 364 2
364 365 10
365 366 7
366 367 9
367 368 4
368 369 5
369 370 5
370 371 9
371 372 8
372 373 8
373 374 6
374 375 8
375 376 8
376 377 2
377 378 8
378 379 9
379 380 3
380 381 4
381 382 1
382 383 3
383 384 7
384 385 9
385 386 5
386 387 6
387 388 4
388 389 4
389 390 8
390 391 7
391 392 1
392 393 4
393 394 2
394 395 5
395 396 9
396 397 7
397 398 10
398 399 4
399 400 8
400 401 2
401 402 5
402 403 5
403 404 10
404 405 2
405 406 2
406 407 5
407 408 1
408 409 6
409 410 2
410 411 3
411 412 3
412 413 7
413 414 9
414 415 10
415 416 9
416 417 1
417 418 2
418 419 6
419 420 8
420 421 4
421 422 5
422 423 7
423 424 9
424 425 1
425 426 5
426 427 9
427 428 9
428 429 8
429 430 7
430 431 10
431 432 3
432 433 5
433 434 9
434 435 2
435 436 1
436 437 2
437 438 5
438 439 6
439 440 3
440 441 3
441 442 6
442 443 1
443 444 3
444 445 10
445 446 4
446 447 2
447 448 10
448 449 9
449 450 1
450 451 2
451 452 9
452 453 7
453 454 1
454 455 2
455 456 1
456 457 9
457 458 1
458 459 9
459 460 7
460 461 2
461 462 3
462 463 7
463 464 2
464 465 8
465 466 7
466 467 10
467 468 2
468 469 6
469 470 1
470 471 2
471 472 2
472 473 10
473 474 8
474 475 4
475 476 5
476 477 9
477 478 6
478 479 7
479 480 4
480 481 6
481 482 3
482 483 5
483 484 5
484 485 2
485 486 2
486 487 9
487 488 10
488 489 10
489 490 10
490 491 4
491 492 6
492 493 6
493 494 3
494 495 6
495 496 1
496 497 7
497 498 7
498 499 8
499 500 3
33 465 4
357 497 7
79 364 10
76 487 2
251 472 10
123 443 2
332 353 5
318 211 7
412 76 5
188 413 1
181 498 9
227 315 5
241 257 7
275 370 5
171 97 7
183 436 7
33 457 6
243 320 9
334 434 4
365 351 5
144 458 1
409 364 4
277 210 2
188 430 2
434 260 6
282 51 6
350 253 2
330 332 4
470 426 7
342 134 5
231 356 2
126 37 2
201 440 5
124 21 5
129 464 4
378 26 8
285 90 1
298 83 3
29 240 6
41 48 3
451 312 8
394 453 7
410 469 6
402 10 2
272 94 6
195 489 6
490 289 9
254 338 5
137 33 1
107 385 10
277 314 4
66 199 4
29 314 9
38 85 4
334 425 4
125 372 3
477 130 2
392 299 2
364 188 9
184 107 2
265 54 4
325 483 8
165 474 10
456 179 3
372 399 1
274 496 7
148 140 4
238 368 8
436 455 3
178 8 1
133 375 5
346 50 7
95 294 5
352 249 8
347 288 1
150 96 1
162 293 2
436 57 2
139 200 1
313 175 3
352 340 1
246 349 3
468 485 1
441 53 9
339 201 1
166 78 2
70 428 6
98 90 7
219 277 2
403 356 10
75 197 5
464 451 10
88 195 9
495 409 3
329 420 7
457 141 1
32 303 5
395 107 7
22 452 1
488 101 8
396 9 6
320 280 8
40 204 3
462 53 1
384 430 1
380 384 2
43 245 8
154 237 1
328 342 4
448 20 9
333 223 3
70 166 7
210 387 2
432 155 9
39 193 4
346 3 5
98 88 6
221 171 8
289 195 7
281 6 9
240 493 3
252 416 2
384 179 1
92 133 2
396 500 1
233 264 7
102 498 5
73 441 4
465 10 1
315 158 3
198 444 4
114 18 9
358 435 1
470 113 1
495 181 1
269 368 10
267 245 6
5 232 5
225 485 7
198 138 7
496 435 5
380 378 1
488 455 2
62 160 2
238 492 7
415 259 3
397 283 6
481 76 9
169 249 8
82 475 5
451 100 1
167 360 9
416 350 7
213 144 6
164 391 9
119 444 1
78 201 9
187 461 9
320 306 4
333 13 9
159 401 10
451 436 5
179 333 3
441 284 3
353 203 5
423 489 7
389 294 7
46 80 1
309 196 4
115 358 4
414 191 4
455 154 7
64 100 8
350 237 7
286 408 8
50 126 10
406 351 2
162 235 10
119 150 3
322 224 5
482 419 10
330 415 9
213 145 3
51 313 8
390 404 6
209 464 7
362 108 2
96 201 10
277 472 1
59 500 7
472 102 7
202 442 5
151 3 2
421 201 10
465 167 9
206 61 2
351 99 9
68 29 5
94 75 8
127 190 5
296 463 10
155 369 4
369 219 8
131 5 2
203 218 7
256 335 2
433 345 5
283 327 5
231 416 7
210 256 4
435 491 9
223 138 4
308 117 5
208 247 2
69 114 2
112 88 8
37 221 2
434 318 6
453 259 7
333 167 7
442 181 6
241 346 8
299 279 1
63 198 9
361 272 7
361 18 8
234 191 3
46 266 6
411 180 9
78 416 1
192 117 10
477 471 1
348 204 7
474 126 7
113 64 6
125 95 10
135 17 9
467 99 7
77 99 10
359 272 2
300 71 4
126 71 7
23 413 4
136 153 5
1 330 6
15 6 7
348 376 9
26 422 5
64 313 5
296 170 6
28 82 10
192 350 9
388 370 9
45 30 1
82 267 1
213 32 8
36 380 9
344 151 7
80 315 10
369 301 5
22 43 7
141 332 10
125 299 7
121 86 2
124 117 4
293 397 4
272 460 9
178 392 5
73 229 4
123 61 7
469 240 7
456 244 6
195 24 5
258 283 6
276 472 3
16 350 3
350 154 1
167 330 8
55 24 8
378 253 10
231 263 5
407 228 4
435 192 10
76 444 5
359 268 7
482 325 5
364 297 9
70 371 8
53 50 10
266 205 3
232 246 10
137 39 8
139 25 9
165 176 9
26 162 7
37 169 5
250 369 5
377 136 3
15 158 8
404 126 7
350 337 10
56 400 10
141 231 2
239 455 3
49 149 8
171 160 9
275 76 4
454 100 5
63 478 5
114 191 1
55 356 8
55 312 4
394 476 8
118 339 3
426 94 8
190 325 4
447 267 4
248 376 7
126 444 3
355 227 1
3 10 9
213 325 6
273 23 3
347 356 5
37 144 6
239 281 7
358 137 9
151 296 8
208 165 6
269 251 4
488 86 8
369 488 6
263 109 7
45 394 2
442 484 6
427 389 1
345 394 4
493 78 9
405 34 9
51 465 3
446 123 7
409 110 5
323 308 1
492 264 3
256 375 10
309 67 7
482 287 5
272 492 5
398 120 1
250 48 9
483 266 6
442 358 1
493 391 5
387 120 7
85 261 8
247 321 9
325 7 4
346 101 7
75 39 8
72 450 1
103 372 10
72 229 8
19 73 3
28 409 9
301 428 3
436 46 4
429 432 8
19 339 6
220 165 1
184 254 4
53 55 1
125 426 1
302 114 2
180 229 2
47 480 2
119 181 8
111 37 3
457 440 10
397 56 9
46 469 3
164 398 8
281 88 7
37 460 9
334 299 8
422 181 2
365 391 8
472 53 1
443 95 3
91 413 1
296 186 10
155 134 7
145 470 6
383 103 1
410 39 5
376 351 3
476 88 6
328 351 5
136 36 5
161 188 3
111 74 4
215 369 4
180 167 5
118 9 2
270 336 1
402 294 4
5 188 2
425 4 2
360 190 8
283 437 8
491 450 2
72 102 1
380 211 4
451 402 7
54 288 8
48 50 10
261 409 10
311 18 3
321 108 8
135 313 6
305 499 7
398 381 2
386 498 8
55 367 2
367 205 10
111 229 5
168 415 9
74 365 2
151 146 4
57 17 4
213 392 4
492 370 5
249 148 10
313 171 8
92 331 1
414 334 9
399 195 9
488 497 1
7 366 6
399 445 4
500 369 2
230 216 4
398 499 6
152 8 4
436 114 2
12 42 10
171 2 5
218 5 8
118 417 1
492 302 7
495 50 7
404 251 6
311 264 7
446 461 8
37 411 8
112 333 4
498 263 2
53 416 5
447 154 6
176 77 1
403 283 2
7 66 8
484 187 2
116 179 7
421 112 7
276 358 7
202 276 9
288 39 5
469 156 5
310 23 8
54 498 3
317 232 7
57 497 6
168 67 4
264 314 4
341 136 2
107 235 9
361 253 8
269 169 6
74 165 4
263 389 4
316 438 7
295 169 8
219 358 5
341 277 9
328 228 7
304 346 3
156 458 4
144 140 6
334 448 5
421 433 10
400 417 4
429 71 1
114 296 6
12 220 9
452 67 8
494 369 6
375 336 5
181 11 7
339 312 3
286 491 5
177 47 9
387 408 1
282 473 3
336 76 8
472 198 7
48 442 7
177 472 4
156 352 10
428 450 10
28 450 1
457 129 10
45 371 2
443 435 7
134 335 5
8 11 10
281 94 6
365 368 4
495 416 7
68 363 3
168 112 2
10 172 3
188 450 9
451 151 5
273 178 1
252 258 1
129 463 3
397 483 10
119 406 8
408 154 2
416 12 3
343 303 5
341 473 3
425 355 10
10 72 4
444 307 9
432 289 9
374 116 4
268 462 3
256 417 9
341 352 8
457 322 8
274 134 8
78 28 9
155 405 4
265 32 9
426 464 4
428 320 10
405 95 1
73 295 8
73 287 10
375 353 3
4 417 4
168 438 2
248 277 2
133 292 6
315 267 9
236 354 9
15 252 10
437 177 2
211 378 3
273 181 10
483 58 5
424 1 10
406 361 9
390 253 9
213 297 8
235 94 1
294 355 2
268 343 4
106 367 2
236 40 1
431 220 4
250 109 6
187 108 2
183 32 8
374 184 9
464 423 1
218 393 8
435 258 8
499 67 2
305 74 2
332 206 10
97 274 3
101 314 8
245 431 1
145 337 2
410 448 10
101 279 7
204 338 10
418 201 1
347 222 4
337 469 8
212 428 9
284 49 5
297 499 9
34 144 2
224 143 5
217 129 1
201 256 3
100 394 3
499 346 6
340 429 6
478 352 1
451 344 6
100 193 6
445 251 2
182 157 5
77 227 6
494 309 7
215 203 7
25 100 9
192 347 4
115 66 2
160 40 1
111 500 9
41 224 3
89 472 6
162 496 3
213 174 7
289 403 1
176 71 1
151 236 6
142 424 7
179 294 2
63 331 9
372 304 8
487 291 5
289 169 4
412 287 1
293 298 5
120 53 10
466 343 9
344 170 5
232 282 2
277 378 5
132 336 3
354 84 4
246 402 6
461 95 7
305 107 6
166 19 6
38 449 1
249 85 10
334 234 9
407 136 5
109 172 9
186 407 6
70 427 4
349 406 4
213 413 1
237 402 3
188 164 3
381 232 6
2 405 6
315 139 8
184 228 10
292 97 10
159 398 3
25 323 10
451 7 2
182 350 7
499 358 5
455 171 3
312 75 1
235 136 6
331 225 8
371 335 7
454 406 10
434 460 3
386 339 7
36 16 1
193 444 10
420 78 4
487 497 10
343 499 1
409 459 3
411 211 6
496 177 8
465 342 4
475 118 8
118 148 7
342 356 2
208 179 1
410 481 5
495 287 9
431 289 7
284 12 4
2 115 9
92 122 2
476 15 8
379 144 9
244 404 3
164 364 7
407 35 4
33 110 5
250 299 9
465 469 2
117 147 10
444 277 1
170 409 5
28 136 6
171 144 6
330 199 7
30 84 9
194 96 3
37 247 6
460 329 3
311 320 2
453 327 8
68 223 5
87 40 4
436 211 9
175 1 9
273 249 1
233 377 9
417 314 2
58 89 9
105 32 7
298 25 3
428 198 10
352 213 2
252 333 8
269 228 8
282 495 5
255 113 7
408 132 9
201 39 3
403 420 1
454 284 10
300 489 6
150 5 6
164 400 6
143 82 4
97 152 1
305 485 3
353 295 6
91 462 3
333 115 4
218 495 5
154 264 1
315 93 2
373 166 10
424 408 10
424 127 3
333 324 8
420 370 7
179 373 8
390 359 1
375 450 10
102 414 6
33 460 2
39 170 6
337 366 5
425 255 4
438 26 5
442 407 2
165 73 6
386 273 1
198 56 9
478 463 7
205 392 4
42 250 6
442 427 5
115 448 4
117 55 2
278 26 3
409 52 8
294 154 4
104 350 7
332 453 1
81 434 1
360 488 8
468 33 3
162 475 3
221 466 8
150 473 9
391 190 8
192 137 3
463 169 5
308 352 5
369 194 9
277 140 5
68 78 2
18 280 4
288 139 2
37 296 6
395 155 3
476 314 3
388 232 7
146 15 3
290 322 1
162 137 4
82 395 7
212 457 1
464 241 6
155 197 10
264 337 9
343 93 1
464 418 6
446 148 5
76 334 9
483 93 7
202 261 10
64 19 10
450 241 3
229 153 5
12 249 1
31 148 1
376 486 2
113 13 8
40 276 10
96 77 6
433 233 4
83 487 3
499 68 3
3 89 6
377 352 8
456 406 10
205 67 3
357 89 1
369 157 5
80 282 4
351 363 5
409 446 5
69 224 2
219 468 8
492 334 4
93 499 8
192 323 3
491 472 7
205 221 7
288 212 2
334 77 9
271 184 6
43 13 6
246 440 10
20 36 8
482 176 7
475 408 5
160 323 10
91 182 7
166 480 9
115 332 9
315 111 3
179 313 8
356 481 6
30 494 5
75 465 2
140 225 8
445 23 3
296 53 6
307 321 8
126 188 5
350 281 6
358 462 10
217 84 4
323 437 9
452 21 5
74 294 5
236 318 2
225 11 6
91 59 4
413 207 7
186 177 8
73 273 3
484 465 10
132 250 3
181 17 5
337 86 7
92 139 6
401 433 7
241 139 6
490 187 10
268 32 6
217 382 8
101 29 9
399 420 2
312 334 2
432 458 10
4 467 9
195 147 6
448 419 9
288 40 9
105 43 4
296 248 1
209 4 9
59 355 10
232 200 9
259 400 8
201 348 8
93 36 3
396 169 8
465 316 7
333 89 7
242 100 3
37 29 3
166 137 8
185 132 3
463 180 4
475 130 3
133 457 2
418 416 2
453 272 9
384 200 5
83 43 8
486 36 5
178 35 1
272 146 2
149 305 3
237 283 9
384 251 6
481 149 5
412 267 10
233 391 7
370 147 8
396 75 3
71 396 4
204 77 5
219 398 6
330 497 2
333 454 8
352 369 8
243 424 6
206 250 3
477 430 10
87 171 9
112 470 5
246 280 10
236 269 6
189 192 6
76 476 8
91 290 1
122 367 6
21 33 3
178 403 9
461 273 6
217 224 3
118 36 3
41 100 9
130 141 3
95 305 10
462 254 3
62 170 9
330 212 8
428 12 1
221 409 5
7 396 10
218 242 10
481 411 5
463 82 1
288 412 4
444 221 1
38 107 9
374 53 6
176 80 7
445 390 4
186 213 4
222 338 7
51 485 9
64 257 10
95 112 6
374 108 5
461 414 9
228 498 6
149 44 1
305 422 2
10 127 5
225 310 2
284 118 2
380 495 9
106 228 9
156 255 10
254 318 3
9 13 10
234 49 4
142 176 8
30 416 3
396 130 7
196 103 6
276 58 8
223 262 5
168 442 3
410 460 6
356 477 3
120 337 8
137 217 10
255 302 4
167 91 7
177 401 7
301 122 7
225 77 2
119 265 1
403 365 5
127 453 2
284 59 2
238 144 2
317 214 2
137 128 7
326 384 9
76 314 6
272 380 1
110 377 1
452 268 9
3 268 3
89 144 8
59 463 10
237 399 8
430 433 10
109 20 1
447 328 4
149 238 3
294 442 7
181 473 8
434 314 4
84 336 4
186 433 3
239 247 7
154 344 5
341 140 3
433 104 2
438 186 7
104 222 8
377 12 5
196 67 9
4 298 1
373 142 8
216 174 5
332 240 5
243 334 5
447 445 6
358 483 9
112 401 2
265 130 8
248 87 9
251 355 4
3 372 7
47 142 6
68 360 5
234 393 10
353 189 8
491 169 7
285 95 3
71 133 2
91 192 6
31 40 1
478 49 10
193 442 5
154 268 5
108 248 9
260 257 7
144 408 10
271 257 8
350 18 9
250 166 2
297 343 6
439 115 4
182 77 6
327 235 6
176 326 9
15 257 8
220 336 8
32 324 1
334 138 3
366 220 5
229 377 4
478 398 5
129 416 6
303 411 4
312 414 9
119 480 3
370 442 10
295 490 5
78 382 5
475 12 6
136 198 3
226 266 7
41 87 1
161 467 7
283 41 4
308 420 5
95 249 10
120 233 9
490 233 1
379 445 1
12 92 6
38 145 9
414 68 8
92 115 4
455 190 9
189 494 2
321 271 9
368 323 1
23 126 4
310 370 2
463 379 3
143 464 9
382 249 6
364 35 9
265 36 1
76 132 7
5 410 2
386 261 2
340 469 8
407 164 4
147 330 9
1 305 8
464 123 4
137 316 5
456 288 4
184 207 2
179 425 7
294 476 4
299 419 4
319 119 4
200 32 9
386 103 1
315 262 5
446 107 4
165 101 9
13 294 2
284 113 2
125 56 6
337 117 1
171 16 7
177 38 2
229 37 5
228 82 6
452 331 7
449 102 7
381 497 2
223 199 9
467 154 9
86 25 2
335 469 8
283 135 5
369 231 6
299 363 3
331 295 5
444 367 3
49 176 4
150 65 10
256 336 2
170 244 1
27 459 1
433 251 7
441 109 8
428 297 10
395 278 3
411 138 5
7 199 5
218 230 4
18 462 2
412 39 9
356 274 9
65 215 10
382 357 9
13 147 6
73 71 2
382 388 1
327 261 1
64 465 10
105 34 9
102 60 5
191 493 8
160 335 10
83 225 10
380 38 10
348 130 5
387 309 10
170 417 7
377 281 9
178 183 8
62 421 6
260 391 10
323 321 4
189 169 3
75 11 1
491 91 6
329 60 6
435 419 3
293 289 10
100 63 1
233 64 2
61 466 8
195 402 5
354 360 5
36 137 8
284 298 7
16 400 9
288 161 1
369 284 6
168 149 6
15 275 3
318 455 1
486 15 8
6 204 4
367 430 1
388 167 4
286 473 6
263 31 4
262 374 2
98 338 9
320 225 7
484 416 6
398 90 7
405 462 5
474 399 6
220 254 10
454 118 7
408 96 8
134 336 2
467 7 4
483 166 6
281 254 7
81 299 4
262 301 1
336 258 9
338 186 3
338 78 9
197 148 1
74 192 3
67 122 4
456 220 10
303 50 6
27 288 1
334 30 8
58 387 7
358 240 7
263 312 9
213 425 8
59 392 7
267 126 10
52 19 4
326 173 4
240 66 3
451 255 9
230 26 1
392 228 3
319 433 3
350 397 6
426 191 3
107 118 3
227 230 4
259 55 4
362 178 1
140 151 7
97 323 1
183 229 3
402 77 3
131 429 8
114 245 9
428 354 8
427 59 1
261 310 4
147 428 4
35 329 2
408 23 7
388 443 7
83 265 3
436 93 8
440 269 7
440 43 4
71 78 2
279 432 7
159 439 1
97 278 3
197 351 2
229 339 7
143 312 2
318 50 10
209 123 4
206 384 8
312 113 10
452 117 8
459 146 8
262 431 4
479 255 4
414 231 9
364 89 9
243 196 10
74 14 7
474 145 1
381 104 1
61 407 9
188 318 4
386 228 2
450 133 8
313 196 10
44 21 3
84 62 4
438 39 7
219 463 6
110 151 8
4 348 8
405 176 1
22 296 5
334 281 7
101 83 10
122 140 5
489 237 1
174 334 6
264 461 1
499 313 9
120 207 4
418 75 8
92 166 3
410 310 7
345 57 3
289 152 3
195 300 2
141 336 7
208 464 4
449 142 1
459 176 6
426 53 9
118 172 6
364 441 7
27 297 10
388 376 6
354 62 4
378 195 1
350 248 10
11 445 8
312 429 6
248 103 9
79 31 3
142 273 10
176 474 4
350 134 1
418 249 9
432 307 4
370 137 6
280 30 7
131 44 9
246 125 5
39 91 1
131 317 2
301 392 4
358 29 6
105 271 1
182 180 5
324 320 4
245 24 1
116 195 8
230 347 10
312 105 4
264 180 9
52 126 7
25 154 8
124 417 3
368 352 9
375 429 4
131 440 7
27 352 6
336 168 4
216 499 1
398 74 7
391 462 8
217 142 7
273 252 2
169 12 8
37 496 1
239 453 6
176 248 4
116 127 4
242 339 2
275 433 8
100 314 2
46 416 9
282 321 7
286 41 6
471 31 7
179 46 6
161 282 9
394 406 5
296 237 9
26 467 8
266 207 4
363 394 9
155 14 1
258 119 10
215 99 10
101 495 2
484 407 7
237 358 3
419 386 3
284 101 5
333 432 4
9 142 10
382 278 3
455 175 6
34 59 7
53 405 10
137 474 7
251 46 9
289 121 2
108 351 3
30 69 9
498 43 8
129 448 6
323 367 3
473 140 3
89 441 5
416 89 9
416 141 4
386 73 9
414 355 2
35 27 8
334 431 4
255 394 6
110 82 5
84 416 8
328 396 1
255 482 5
445 168 6
366 110 9
427 476 9
375 212 7
19 28 5
370 229 9
41 18 9
2 179 5
314 284 9
182 165 3
166 76 6
371 300 2
197 174 4
291 57 9
440 480 10
289 228 10
210 155 2
249 39 6
383 170 1
196 232 3
314 484 2
385 359 9
155 72 9
489 419 10
432 447 1
274 265 6
332 50 7
224 120 8
44 108 7
482 277 5
194 204 3
203 67 6
84 299 2
476 387 1
401 332 8
137 483 10
136 169 10
181 95 3
279 375 8
210 329 4
358 151 6
396 24 7
336 162 6
297 121 7
80 415 1
389 151 2
454 332 7
119 176 3
470 212 4
100 215 2
96 389 9
222 152 1
348 160 6
451 271 6
370 193 8
184 14 10
348 194 8
180 341 9
406 182 5
107 114 7
223 311 6
321 406 6
386 453 8
145 179 9
239 39 7
434 235 6
226 182 3
244 343 10
85 317 5
17 199 3
70 170 6
335 85 2
260 396 8
160 419 6
26 327 8
334 439 6
70 212 10
357 92 10
423 29 1
417 481 4
370 155 10
64 81 5
489 476 4
183 328 7
300 321 7
273 155 6
83 279 5
45 498 1
431 272 4
494 17 5
419 201 4
398 65 4
306 158 4
309 327 3
379 111 4
125 230 3
117 312 1
343 262 5
205 161 8
152 451 3
484 363 5
244 330 5
338 285 1
444 332 9
307 32 9
163 17 5
233 181 9
355 390 1
348 280 10
75 69 7
269 152 10
252 310 2
427 169 6
7 267 7
51 167 7
24 259 6
216 467 8
140 40 7
478 381 6
341 426 6
55 258 3
307 435 10
341 460 5
67 373 8
244 197 1
250 195 7
166 352 7
490 54 7
374 119 10
67 432 1
66 215 1
436 300 5
402 452 8
60 220 1
426 350 10
52 148 1
172 345 7
299 32 4
126 479 3
221 370 6
312 364 6
452 199 6
461 339 4
271 103 2
305 411 1
92 497 7
142 248 1
368 253 5
234 65 8
404 96 1
64 361 10
232 267 10
106 318 9
106 51 3
438 498 10
179 399 3
144 466 9
70 29 2
137 173 6
400 355 5
195 422 7
260 226 3
61 227 9
412 151 2
489 200 6
449 297 10
366 10 1
309 407 6
336 286 7
290 445 2
371 354 1
323 475 6
12 24 6
434 418 6
338 232 6
92 84 4
204 461 9
500 361 10
438 141 10
478 240 6
152 373 2
46 280 3
220 166 6
441 336 1
131 36 10
166 372 9
202 158 1
388 110 9
97 8 6
475 15 4
239 307 1
155 216 7
472 327 8
152 86 5
475 46 4
270 221 10
41 153 8
271 319 2
409 214 9
433 454 8
266 19 4
389 55 4
215 333 1
375 94 3
40 292 4
65 42 7
166 37 6
182 322 7
46 360 10
97 360 10
441 389 8
180 434 10
262 207 10
330 28 3
317 155 3
196 120 4
500 8 5
359 384 10
336 437 2
190 451 2
81 265 10
103 332 5
175 390 9
453 189 2
450 153 6
228 143 5
203 143 1
130 66 7
365 389 6
127 237 3
313 357 7
321 169 1
267 69 8
81 224 9
199 234 2
208 160 1
323 98 1
77 206 2
485 157 2
241 437 6
399 254 2
293 72 7
430 287 6
351 115 1
218 57 3
75 408 6
94 327 6
454 296 8
223 130 9
390 31 7
464 476 7
241 227 2
159 291 4
179 401 6
478 72 5
71 245 10
473 92 3
253 36 10
316 67 1
187 373 7
229 18 1
205 331 10
224 255 2
409 343 2
154 398 7
142 30 7
425 36 8
339 149 4
389 257 7
477 162 9
381 413 2
165 327 2
410 350 1
153 51 9
84 455 9
203 334 2
26 14 6
187 106 6
189 313 8
20 432 5
112 259 8
332 207 10
328 16 1
357 205 10
302 21 3
358 164 4
377 488 5
413 140 3
477 402 10
175 342 2
74 5 2
136 304 1
265 82 5
431 203 2
421 139 4
25 157 3
1 72 6
432 288 1
17 405 6
298 313 8
182 408 8
447 343 4
114 154 6
448 440 10
79 274 4
169 333 9
404 49 5
98 51 6
248 162 3
124 314 3
332 131 2
230 408 8
163 487 5
38 303 1
387 230 1
41 55 2
477 207 3
290 174 3
177 377 2
218 384 7
202 462 6
134 355 4
118 251 10
57 417 10
246 437 4
218 386 3
348 149 1
201 49 3
360 21 6
95 403 1
450 166 5
485 411 4
44 174 7
28 446 8
435 18 1
206 380 7
184 420 4
177 166 7
245 435 4
153 404 7
15 423 10
29 482 8
251 119 5
491 187 7
255 460 8
156 217 3
17 225 9
305 179 5
304 467 9
147 376 8
448 9 2
15 368 10
374 283 10
222 339 6
206 421 3
32 233 2
446 363 2
134 481 10
364 447 7
52 57 1
335 67 2
205 354 4
456 135 5
227 311 10
356 288 9
299 490 7
55 264 9
75 202 1
159 81 5
438 476 7
471 94 5
95 39 7
238 101 1
492 289 5
264 97 8
42 327 8
10 296 1
141 57 10
473 479 6
315 50 4
49 55 7
409 232 6
71 311 5
378 141 7
21 477 10
47 438 5
134 197 5
271 484 5
35 138 10
158 323 3
28 68 4
430 403 9
365 132 5
186 88 9
409 123 7
313 459 1
183 43 2
242 338 4
15 395 4
114 297 3
67 214 3
231 122 3
416 339 4
405 309 7
117 421 9
279 259 4
61 391 4
453 352 10
240 292 10
373 388 6
112 212 5
266 182 3
467 395 10
1 7 3
76 56 10
149 176 1
182 496 7
491 431 7
454 15 1
218 315 10
293 183 9
103 244 4
209 241 3
490 232 7
491 392 3
73 355 2
419 51 10
239 328 10
91 58 9
420 429 1
141 143 1
455 480 1
386 186 3
157 473 8
410 117 5
291 91 6
443 132 8
189 132 6
141 126 5
339 422 10
43 149 4
195 234 4
107 399 8
425 239 2
214 355 3
477 283 8
306 49 6
133 105 2
14 302 2
327 191 2
181 279 10
273 63 10
349 305 4
214 364 10
452 459 7
293 318 10
245 458 2
341 102 3
126 318 10
217 153 7
141 376 1
14 46 2
422 249 6
343 243 4
447 17 6
481 277 6
448 146 10
219 19 7
299 212 4
375 410 6
345 221 5
71 268 10
390 474 1
210 161 8
268 387 9
323 387 8
273 270 1
31 392 8
86 352 7
485 392 6
417 181 2
236 162 1
92 494 10
366 478 7
152 46 8
454 297 3
186 63 9
330 247 2
68 182 9
424 13 7
48 52 1
131 201 6
57 329 8
204 246 6
311 174 3
198 163 2
476 10 7
175 428 8
405 25 3
7 346 7
206 133 4
52 470 3
113 263 10
216 293 6
448 425 8
399 380 8
438 243 1
169 13 5
272 328 6
453 58 3
196 48 3
14 261 4
477 129 3
83 454 4
471 194 7
289 441 10
269 55 9
267 486 2
398 378 2
147 294 9
200 91 3
5 326 5
479 27 1
76 172 2
448 341 6
156 380 2
372 30 7
150 8 2
65 204 1
465 63 6
285 410 7
488 346 3
449 267 5
287 357 7
69 399 5
131 464 3
225 321 5
316 217 2
430 340 4
136 354 6
107 362 4
112 433 4
332 304 3
156 182 5
68 64 4
359 451 10
25 105 1
142 288 6
103 470 8
412 421 2
91 357 2
209 228 3
50 491 1
76 71 2
218 447 8
96 221 4
63 32 2
369 238 5
240 275 7
135 225 9
426 173 2
77 119 10
28 323 8
117 183 3
307 225 10
195 259 10
165 340 10
180 8 4
41 32 10
165 169 1
358 447 3
109 155 6
237 93 7
81 377 10
500 13 6
420 40 4
421 357 9
416 379 4
412 252 7
82 91 6
185 229 2
167 450 8
252 228 7
65 7 9
266 473 4
81 291 5
234 142 9
304 498 9
492 249 6
402 261 4
228 137 3
354 188 9
462 115 10
295 232 5
319 217 2
37 412 2
300 17 10
271 296 5
5 157 10
450 38 9
9 499 1
220 209 7
373 60 4
341 445 5
219 45 3
465 400 2
379 225 8
264 489 6
42 483 3
476 223 6
348 218 3
223 358 10
161 251 2
124 178 5
15 319 8
349 206 2
357 125 3
299 115 9
485 304 4
50 307 2
272 286 4
409 458 9
393 310 4
327 285 10
107 220 10
176 350 2
76 317 7
320 423 5
474 491 1
406 421 3
138 428 10
21 75 3
151 183 9
11 76 6
123 250 7
341 109 5
72 93 8
276 50 2
47 224 8
48 185 7
360 484 8
119 154 1
19 410 2
397 487 1
192 80 9
144 187 1
490 99 2
61 127 7
92 464 8
101 146 5
181 82 7
126 360 4
360 20 3
387 214 6
385 306 6
388 273 4
60 94 5
1 161 8
271 178 2
41 375 2
410 85 2
410 478 9
157 22 10
237 218 9
300 445 10
71 38 2
409 497 7
162 33 4
330 382 3
113 198 8
78 422 7
34 449 5
226 138 9
195 288 2
499 101 6
441 433 5
44 148 9
87 319 1
468 386 6
484 125 5
369 179 7
272 416 6
335 20 1
194 200 5
369 492 6
393 52 9
28 319 4
80 430 9
230 418 8
379 298 7
477 408 2
121 175 3
423 390 5
172 220 6
110 212 9
127 111 8
306 52 7
62 247 8
230 108 5
371 177 6
320 285 6
115 303 4
114 251 3
43 452 1
77 265 2
2 299 6
185 389 3
432 385 3
239 254 2
418 431 6
25 144 1
474 134 6
122 445 5
62 243 6
141 67 3
266 215 8
439 329 8
181 108 8
284 384 3
323 151 1
458 286 9
56 431 2
352 316 2
11 167 3
302 321 7
171 252 1
398 67 6
355 228 4
103 91 1
143 105 10
498 344 4
400 394 9
310 37 7
237 79 6
91 49 1
324 337 2
168 126 7
228 118 2
19 314 6
263 223 8
273 432 7
352 103 5
227 118 5
397 277 8
386 491 5
185 133 1
293 375 10
223 405 3
11 271 1
125 225 3
322 396 1
483 101 3
391 218 2
187 205 6
58 443 1
127 434 1
238 311 9
480 215 1
354 417 1
284 5 1
185 95 7
461 51 2
436 339 4
391 46 3
314 493 2
480 337 9
31 215 1
63 456 7
341 208 1
45 29 5
96 378 7
203 267 4
196 389 3
29 269 5
365 443 8
130 199 8
91 214 6
147 479 3
11 489 9
11 150 5
235 459 3
240 223 4
498 480 5
377 37 1
463 5 9
414 126 5
59 451 1
230 316 2
482 212 1
425 190 10
310 293 8
215 157 7
367 53 7
195 233 7
173 116 2
463 3 2
82 27 10
108 322 5
454 298 7
449 436 9
210 434 2
323 327 7
5 325 4
76 185 5
242 264 9
173 282 1
152 65 10
137 215 5
21 332 1
204 368 8
21 364 3
452 15 2
327 150 6
459 101 8
424 388 5
314 210 10
125 14 2
295 138 1
159 371 6
427 77 3
394 160 4
177 151 9
386 485 1
174 64 9
401 69 9
113 321 2
360 102 3
410 130 3
410 338 2
163 441 8
158 492 7
171 439 3
10 222 6
195 331 6
363 456 10
201 113 2
120 45 1
49 15 5
418 204 4
101 212 6
68 306 10
409 9 2
450 9 1
158 221 2
336 98 1
280 135 7
282 460 10
237 471 9
402 174 5
99 61 3
133 209 10
165 198 2
98 193 5
45 265 4
284 219 3
355 267 10
499 77 9
482 283 5
248 371 3
200 192 3
52 172 9
452 332 2
370 159 1
40 435 2
307 167 4
338 297 1
356 180 3
126 26 9
227 274 7
148 54 1
447 441 4
425 276 5
152 230 2
112 16 7
393 304 10
335 205 1
479 354 9
169 16 10
189 7 8
97 330 8
208 473 2
497 172 3
33 53 3
307 101 10
418 350 6
142 475 7
87 221 1
42 354 1
78 397 6
76 184 2
480 353 3
395 92 8
136 446 1
87 217 5
95 9 5
491 377 10
33 94 3
49 66 4
336 452 10
86 342 7
113 393 8
281 406 8
480 134 7
211 275 4
477 152 10
69 354 4
226 53 6
300 414 5
323 145 1
152 492 9
204 487 3
270 102 2
63 484 6
70 295 8
370 93 1
202 83 10
216 181 2
332 203 2
167 394 4
111 9 7
152 370 4
409 48 5
436 255 3
153 288 9
42 36 1
319 273 6
34 41 6
399 104 1
284 342 8
2 236 5
156 49 1
282 83 10
136 440 6
126 290 6
419 454 6
443 205 6
450 210 3
452 200 8
421 213 4
2 245 4
289 24 6
395 95 1
286 316 1
10 411 9
243 270 1
204 82 9
44 182 3
2 414 3
56 87 6
434 223 9
201 213 9
193 390 3
336 410 3
85 150 7
81 70 10
419 377 3
210 144 2
366 286 9
29 443 9
51 13 1
444 462 3
465 214 4
184 314 5
88 64 5
375 252 3
299 111 9
291 488 9
296 102 8
353 219 9
94 58 6
480 406 9
185 148 9
430 165 9
8 151 5
51 364 8
203 500 1
338 149 10
5 114 1
118 425 9
141 167 8
208 452 4
445 330 6
168 321 10
390 210 10
293 469 8
167 317 6
54 20 8
83 19 4
464 79 6
233 132 2
26 193 3
446 441 5
86 150 2
31 117 2
41 326 7
152 6 2
458 29 2
43 328 8
54 299 10
318 479 7
298 347 4
67 62 4
270 306 4
463 252 8
103 398 6
56 367 10
272 423 5
292 424 5
152 220 5
21 298 8
356 242 6
287 264 10
270 239 3
429 243 10
222 55 9
174 324 5
296 30 8
342 267 8
62 415 9
471 494 3
471 274 2
122 353 4
398 126 10
325 256 10
384 104 4
199 29 1
363 113 8
139 79 3
369 113 3
292 118 9
390 83 1
494 23 3
123 429 2
74 13 8
410 325 2
135 9 2
210 217 2
88 413 5
267 325 8
443 220 6
395 267 2
281 142 9
247 55 5
112 37 6
293 207 3
447 258 10
20 174 6
371 184 3
217 65 2
367 28 3
207 495 2
213 256 10
281 450 8
37 350 8
479 414 1
436 152 9
310 379 6
228 64 9
133 487 8
292 252 10
124 353 4
276 439 6
164 243 4
66 209 8
418 432 5
108 31 3
62 469 4
351 462 4
170 361 9
437 339 8
417 411 10
195 379 6
236 19 3
259 316 8
134 357 9
158 467 7
124 194 2
217 151 4
105 53 5
201 204 4
364 403 9
380 273 4
189 448 7
414 43 4
179 75 5
234 224 4
224 357 5
408 481 2
356 336 2
464 276 5
319 447 6
24 18 8
2 248 9
171 286 5
43 293 6
437 496 5
350 316 5
263 485 5
321 202 8
150 398 4
152 439 6
415 289 2
402 342 4
62 310 1
352 482 3
385 324 7
61 458 4
370 407 7
323 294 7
401 233 4
72 389 10
1 180 6
354 155 2
63 480 1
235 47 5
26 488 1
372 246 1
147 206 5
466 46 9
79 359 5
479 456 4
496 402 5
112 326 10
20 349 1
182 25 4
396 224 2
312 59 10
272 131 9
451 242 7
196 102 10
489 135 2
163 418 7
192 236 3
354 449 5
139 229 7
145 92 4
143 124 5
395 226 8
421 372 9
354 3 7
434 87 7
193 419 4
492 80 10
84 23 1
108 427 5
318 195 2
220 224 6
462 346 5
65 418 1
487 468 8
92 103 2
440 374 7
211 323 8
492 442 6
417 35 8
391 293 2
163 293 4
200 408 2
322 281 1
77 186 2
374 231 4
86 282 1
182 251 4
191 361 2
361 336 3
239 329 3
5 318 9
91 149 3
163 358 2
466 198 9
379 3 3
387 306 1
362 404 3
324 153 8
452 159 3
158 399 8
116 72 3
229 261 7
123 227 5
54 248 8
424 302 4
88 211 7
11 142 9
477 179 7
76 192 1
373 454 5
336 391 3
81 214 8
148 215 2
335 52 5
90 335 9
101 254 8
362 35 6
43 483 4
263 402 8
146 343 2
469 68 9
46 125 6
443 22 10
128 256 1
222 175 5
316 414 10
465 19 2
346 36 1
493 499 9
131 398 9
172 140 5
11 74 10
360 125 3
97 251 4
472 8 3
149 340 3
272 419 10
6 489 8
59 307 8
92 284 8
29 364 9
219 110 7
295 358 7
24 102 2
24 2 9
225 304 7
422 88 2
160 212 1
380 120 7
62 305 3
213 75 9
391 142 8
305 396 3
295 144 6
360 458 1
168 419 4
322 438 5
168 249 1
379 212 4
450 317 2
62 11 5
325 264 6
19 345 4
230 213 2
363 303 1
29 282 6
26 401 9
163 282 3
266 234 5
444 411 8
282 405 5
286 321 2
126 475 3
32 475 7
21 237 1
426 417 6
358 371 1
398 291 8
287 94 1
189 497 5
469 41 4
81 451 5
262 2 5
172 82 4
440 1 2
387 179 8
78 419 7
232 132 10
391 121 5
191 2 6
230 146 8
13 231 7
229 414 10
360 32 7
445 255 6
410 442 10
208 357 4
44 286 10
342 96 6
397 403 5
394 152 4
232 472 10
229 6 4
177 406 8
263 107 2
480 292 10
323 495 1
123 345 2
23 30 4
114 333 2
280 356 5
376 475 9
185 13 2
204 335 3
466 446 6
176 45 8
245 297 9
139 195 10
465 70 9
403 373 5
30 149 1
153 302 10
177 39 6
321 21 3
338 201 2
451 120 5
125 112 4
203 297 10
281 499 9
264 170 7
146 418 7
395 355 4
427 244 10
296 272 7
93 312 7
260 373 9
292 55 3
70 136 5
284 121 4
299 50 8
452 207 8
175 14 10
364 310 8
112 226 2
421 354 10
446 220 4
207 302 9
366 199 7
108 363 2
118 500 8
98 91 2
98 380 9
458 388 9
155 407 4
145 82 6
143 317 1
9 160 4
207 465 5
85 453 9
170 268 3
27 182 2
282 489 10
72 454 1
435 12 5
241 44 3
418 348 3
283 175 10
446 201 3
280 12 2
263 302 2
424 20 8
180 367 4
121 228 6
115 410 6
208 472 6
273 156 3
116 431 3
495 271 5
93 259 3
428 67 6
266 70 3
464 207 10
27 18 6
65 262 3
282 138 4
453 182 3
59 297 5
468 175 1
430 34 2
378 447 3
385 261 1
423 431 6
94 408 9
63 56 8
449 75 6
48 135 7
23 240 4
500 226 4
104 331 7
354 175 9
125 497 10
139 64 4
162 49 5
25 407 4
378 139 10
201 57 9
22 432 2
81 406 1
95 424 2
238 329 3
464 243 10
463 88 1
283 167 10
136 92 3
269 250 9
221 138 8
120 294 4
388 485 1
348 12 3
234 185 5
134 17 3
97 462 1
483 426 7
53 40 6
389 71 2
70 290 5
206 400 10
431 291 8
444 174 4
471 431 8
60 57 1
256 215 4
313 157 4
158 346 5
410 407 7
269 455 10
68 96 3
278 1 5
49 335 8
284 443 4
66 173 9
99 28 7
361 412 3
65 288 4
491 369 10
352 221 10
134 77 8
134 432 10
302 472 7
338 478 4
56 415 7
417 212 8
309 210 3
409 69 3
234 208 4
468 86 9
362 490 10
357 410 1
200 129 1
253 355 10
491 128 10
187 230 7
158 94 7
142 26 3
211 63 9
291 151 1
241 269 6
285 166 3
399 475 2
371 104 7
251 113 10
253 393 1
424 438 10
335 311 5
475 407 4
173 115 9
318 8 7
422 11 7
307 262 4
299 414 5
452 222 4
5 415 2
209 32 8
384 237 3
189 271 1
24 323 5
12 290 4
415 57 4
257 73 8
383 66 9
280 187 9
247 212 5
217 58 10
412 452 4
249 272 3
485 32 5
273 442 9
421 440 6
460 14 7
490 222 3
149 368 5
237 492 8
342 315 10
68 459 3
73 161 2
304 47 2
48 445 9
184 44 1
109 2 7
485 294 8
69 427 9
413 7 4
393 362 5
16 108 9
207 87 5
3 15 8
343 385 9
90 238 1
416 360 7
359 149 8
250 437 9
288 455 3
63 12 1
410 301 2
361 470 8
228 5 9
233 23 1
210 61 6
430 335 9
226 305 3
12 34 10
471 73 5
493 399 9
480 284 4
423 430 4
493 339 6
353 7 5
365 425 8
474 152 2
311 367 5
465 361 3
479 350 1
349 146 4
150 320 6
100 189 5
273 54 2
1 233 6
185 98 3
345 253 9
38 425 5
444 62 4
16 143 7
249 337 5
292 157 4
52 117 6
347 383 10
419 429 2
132 343 1
261 126 5
151 86 9
121 87 9
421 438 10
301 323 7
273 400 2
173 377 10
266 464 2
262 253 4
380 192 9
230 177 3
234 18 6
437 393 5
405 86 1
484 107 5
346 465 8
328 487 5
84 432 9
214 221 9
143 497 10
174 344 2
32 80 6
67 26 3
402 418 9
199 396 2
314 85 6
363 424 7
335 394 4
92 234 3
255 102 10
180 445 2
4 266 5
482 496 1
433 67 6
290 183 3
352 395 7
315 151 10
285 85 6
373 198 2
481 239 5
449 494 5
310 189 6
133 247 8
248 66 7
260 174 9
348 14 1
19 230 10
213 84 8
285 37 8
180 114 9
192 89 9
101 295 6
104 210 10
342 205 4
40 488 10
61 490 9
123 448 7
299 401 1
177 111 10
316 208 8
315 132 1
66 225 1
412 22 5
57 36 9
383 469 3
398 149 9
377 327 1
144 328 10
33 48 2
332 133 2
412 52 5
457 296 6
330 152 5
481 295 6
407 388 5
275 236 5
418 488 8
13 62 3
133 436 9
97 308 10
162 360 2
397 55 2
410 215 6
10 477 6
147 18 7
485 160 5
393 9 7
283 384 10
473 221 7
126 163 10
99 234 3
293 405 7
419 342 10
427 209 5
51 348 10
288 275 4
235 32 7
185 16 8
404 229 5
45 278 3
67 292 8
410 141 10
281 204 10
61 409 9
241 253 7
163 450 8
367 464 6
320 180 5
446 45 9
457 76 9
207 402 2
93 88 10
346 352 10
139 14 10
289 371 7
499 294 3
102 276 6
46 35 8
435 66 7
362 193 2
462 8 9
442 374 4
175 424 3
47 254 7
271 315 2
387 156 8
217 234 5
357 26 10
193 348 6
188 423 3
310 440 3
25 347 2
330 145 5
310 288 6
76 447 6
341 490 8
39 494 2
385 186 10
192 103 8
185 478 5
315 261 2
239 183 3
442 162 4
356 9 7
22 231 4
480 214 2
181 337 10
260 352 1
48 119 7
150 269 6
14 92 3
270 110 10
199 225 6
474 392 9
180 345 5
164 268 2
432 116 8
59 44 7
19 409 5
231 293 3
60 11 1
155 361 3
110 389 4
376 456 4
101 330 4
125 356 8
63 84 2
72 108 9
482 56 10
21 401 8
409 488 1
269 257 4
150 408 9
453 455 10
479 101 5
235 74 9
170 98 1
364 67 7
246 468 2
144 90 6
10 469 10
115 320 10
67 372 4
394 173 6
163 401 2
77 253 9
3 6 3
53 178 7
475 344 7
212 314 2
89 282 1
243 171 8
252 372 8
77 290 3
89 206 1
452 247 2
422 411 6
45 74 3
338 162 1
455 448 4
22 451 7
301 230 10
366 289 7
350 371 4
397 204 9
403 84 9
276 288 7
289 244 1
454 107 6
172 71 6
356 350 9
10 187 1
173 75 5
468 67 1
267 284 1
280 272 4
197 316 4
431 286 6
288 79 1
18 39 4
462 459 6
116 351 9
253 469 6
341 287 4
117 219 9
144 248 6
461 32 10
425 434 5
64 219 6
376 460 8
368 209 5
88 150 2
309 18 3
134 328 7
59 405 3
209 225 3
135 27 1
6 363 7
247 348 8
422 244 2
343 421 9
131 434 5
95 420 2
296 59 3
496 204 7
486 107 1
234 459 2
283 198 8
453 463 9
214 331 4
472 428 2
212 325 8
483 417 9
23 57 6
251 61 7
127 265 2
3 373 10
253 59 4
400 38 1
456 154 1
382 130 4
309 23 4
63 180 4
54 319 3
488 160 5
290 202 8
426 101 8
468 130 8
430 10 10
228 377 6
163 216 7
212 219 7
275 424 6
252 125 10
23 36 3
156 494 7
402 440 4
21 300 5
326 379 3
253 470 10
214 124 6
112 110 10
96 412 2
347 123 5
316 364 1
62 239 2
21 179 4
429 497 6
23 288 2
96 466 6
129 46 7
2 145 3
211 36 8
352 69 9
215 184 1
30 119 2
123 8 7
136 108 7
86 299 5
78 30 3
61 189 1
247 5 2
403 90 10
460 53 6
96 352 3
180 322 6
486 268 9
278 266 1
113 104 7
167 269 9
414 433 4
149 435 3
22 55 7
314 166 5
168 487 2
290 43 3
36 116 10
144 129 8
197 327 6
128 308 4
24 439 3
121 476 8
92 63 6
400 288 10
6 365 10
150 422 4
202 409 1
457 7 4
297 494 9
341 301 8
372 27 9
391 196 7
114 365 6
83 472 6
174 462 4
365 258 7
204 66 7
44 472 10
132 125 10
329 424 9
157 217 8
258 391 9
284 448 3
149 117 5
167 143 9
263 440 3
70 18 5
118 93 7
164 220 3
498 372 1
136 142 9
229 223 2
238 253 10
457 499 1
301 150 1
366 299 2
247 134 5
159 58 7
13 307 5
82 419 3
243 194 2
193 184 9
376 448 10
442 486 10
167 295 6
117 172 9
70 232 5
375 260 6
400 477 2
315 245 5
133 20 3
35 51 9
363 218 10
184 24 7
414 212 7
468 434 7
364 264 1
189 44 8
302 78 2
176 260 7
185 26 1
399 317 7
336 127 1
69 323 10
55 282 10
312 200 6
62 201 2
102 62 7
97 268 2
248 171 6
153 246 8
168 277 10
421 222 2
322 406 2
416 217 2
166 465 7
156 367 7
453 297 9
150 87 8
333 35 6
389 301 5
363 97 10
228 278 2
408 378 4
105 278 8
102 182 4
72 191 6
71 407 4
104 42 6
177 294 3
139 419 2
320 491 9
448 436 8
251 241 6
190 81 6
142 436 4
255 75 10
64 337 5
275 217 6
456 398 9
143 234 3
184 295 2
430 22 9
479 366 8
237 287 4
389 458 3
294 308 9
368 63 6
49 121 10
53 396 9
11 204 10
8 335 9
294 85 6
251 2 2
144 50 6
135 157 5
117 135 8
458 394 8
177 500 2
149 125 10
359 222 7
496 25 5
240 314 5
474 267 6
43 230 5
28 123 2
367 190 2
18 316 4
395 322 7
60 47 4
50 288 5
152 2 6
478 359 10
230 262 6
155 387 6
121 307 1
162 375 5
246 160 4
500 309 7
203 56 6
198 299 3
92 79 4
234 131 2
234 451 10
438 377 7
341 439 3
172 326 1
9 418 8
316 247 9
268 391 8
283 169 3
39 31 3
104 55 1
190 444 7
276 117 6
210 360 10
132 184 8
347 188 9
377 42 1
229 108 7
22 406 3
151 342 1
71 434 2
3 66 7
435 262 7
461 189 8
269 484 4
466 160 6
104 98 10
231 99 8
269 361 3
404 461 8
480 224 3
273 97 3
357 34 1
158 337 9
320 153 4
292 387 9
198 271 9
495 87 8
312 441 1
197 227 4
154 30 5
120 26 10
135 264 7
359 225 7
4 66 4
205 404 7
204 1 2
402 305 8
47 176 1
377 464 5
28 406 2
193 86 10
147 157 7
258 324 2
210 321 3
128 450 7
321 68 4
61 441 7
217 115 1
2 151 2
47 166 7
227 192 5
383 427 1
251 357 2
118 232 7
356 278 6
296 415 8
27 228 2
149 96 3
275 264 1
334 198 7
130 18 3
370 80 5
445 146 10
245 384 3
11 320 9
56 487 2
278 223 2
108 310 4
98 445 4
173 226 6
485 455 1
420 162 2
46 9 9
216 189 7
486 477 1
87 350 9
315 233 8
365 319 9
128 228 7
106 63 1
218 229 7
58 259 1
360 309 1
1 268 4
103 124 8
44 162 9
371 272 10
418 426 2
284 403 5
258 134 9
27 24 4
85 114 9
149 261 1
25 216 2
153 272 7
78 488 9
265 403 10
429 228 5
182 193 7
220 240 7
288 279 3
475 150 10
467 32 8
416 94 7
194 269 9
154 138 6
98 166 5
136 27 7
405 107 6
33 411 4
63 206 8
406 78 3
142 370 8
384 76 2
110 472 9
122 83 9
264 60 4
300 273 3
229 383 6
1 202 4
86 3 7
10 49 2
439 180 10
380 462 6
389 239 5
345 127 4
303 319 6
111 396 9
68 241 7
404 71 8
60 445 1
438 312 4
428 154 1
98 237 6
84 392 6
403 11 3
120 2 4
68 246 6
342 170 2
277 145 3
247 57 1
121 280 7
257 89 4
121 276 10
91 490 7
456 354 10
225 6 2
33 192 5
80 457 4
418 70 2
279 289 10
25 164 6
193 241 4
29 223 3
64 128 1
268 50 4
433 326 5
349 53 2
275 481 5
462 437 7
211 87 9
28 469 6
491 494 9
122 437 10
129 293 10
474 185 3
453 288 6
474 180 3
481 296 8
470 306 3
143 36 10
498 291 10
119 159 4
129 80 2
287 479 5
370 403 2
329 430 4
49 411 3
496 98 5
235 218 10
488 45 8
317 365 6
317 72 1
240 272 9
489 77 8
75 104 2
117 478 3
55 253 9
3 276 10
366 6 8
430 243 7
482 137 7
225 416 8
177 313 9
500 281 3
246 339 1
437 165 6
490 419 9
322 299 4
459 96 6
266 387 2
331 90 4
317 406 6
131 478 7
294 396 9
252 100 3
480 109 10
497 181 9
374 46 3
4 160 9
335 23 3
170 221 5
146 178 8
186 128 5
180 372 3
97 301 2
150 312 3
76 133 9
484 91 10
154 227 4
425 269 1
466 150 2
375 230 4
184 71 4
183 233 7
84 333 7
416 354 3
474 448 9
332 113 7
356 5 7
384 222 2
299 197 1
323 351 10
243 297 3
17 5 3
419 364 1
402 220 10
8 120 6
237 294 5
84 407 2
347 228 1
13 184 8
450 346 6
147 39 1
153 226 9
144 314 1
49 208 9
421 165 2
270 150 6
387 411 1
318 19 4
115 187 6
146 251 1
421 323 2
85 241 6
249 461 10
85 99 3
12 286 4
419 253 9
154 331 8
438 249 1
84 111 10
422 281 7
16 230 2
263 433 4
245 128 9
105 399 9
317 434 2
327 101 3
318 472 1
158 8 2
182 92 5
226 330 7
328 181 1
157 75 3
286 399 6
147 120 7
68 38 2
233 177 1
40 171 7
424 330 4
145 195 4
443 257 7
260 366 2
194 359 7
52 198 9
343 78 1
212 361 9
63 139 7
136 390 9
299 56 10
334 42 3
148 68 5
463 404 2
485 187 3
291 451 6
108 423 2
24 271 4
461 237 8
276 321 8
4 346 9
282 88 4
223 185 5
178 200 3
158 496 2
125 350 9
403 314 5
19 492 8
398 435 7
346 181 9
18 38 7
43 480 5
442 31 3
74 356 6
96 42 4
226 81 9
251 377 7
477 13 9
460 451 1
84 145 4
217 487 10
292 80 8
280 5 9
236 279 5
407 75 9
304 93 6
301 71 7
102 346 5
338 482 3
34 216 5
444 250 4
433 450 4
492 374 10
239 313 6
112 190 3
312 31 1
80 485 1
329 356 7
370 182 5
197 456 6
39 267 3
225 285 3
73 449 4
192 31 6
236 268 4
126 114 10
19 383 7
260 450 10
163 408 2
335 146 4
412 214 10
194 103 9
25 214 9
124 145 10
478 106 3
500 45 1
380 338 10
386 37 5
279 89 5
340 107 10
112 330 7
208 484 6
480 433 6
385 477 2
465 283 3
153 191 5
373 189 6
301 406 1
155 57 2
407 467 1
83 115 10
317 480 1
35 29 4
95 174 8
292 76 10
300 237 4
205 426 7
275 356 6
31 93 6
271 130 5
151 212 10
266 345 10
261 334 3
430 341 7
452 229 7
113 285 5
436 488 2
430 144 7
412 60 7
458 474 7
181 93 4
360 47 4
66 468 10
247 378 10
459 335 1
299 294 5
237 449 1
378 202 1
279 95 8
292 75 5
437 25 2
462 149 6
157 60 8
178 464 4
432 241 5
464 161 1
227 272 7
466 302 5
273 87 1
351 41 7
407 495 1
143 370 10
102 154 7
335 292 7
390 144 1
333 211 2
351 339 5
200 8 10
194 121 3
295 231 9
166 305 10
314 199 10
359 456 4
251 13 10
322 239 1
421 404 6
389 444 7
298 477 9
288 300 5
333 149 1
22 6 7
387 97 2
381 276 6
467 265 2
462 270 4
292 442 4
274 334 10
326 254 5
462 42 9
193 488 7
87 448 7
48 434 7
444 500 7
387 452 8
366 422 6
77 21 5
110 235 1
62 306 5
90 70 1
226 3 5
425 257 1
43 234 9
10 407 5
347 236 9
325 411 1
280 112 7
308 305 5
496 388 9
308 119 9
129 47 6
88 379 6
493 253 8
87 8 10
77 268 1
36 476 3
399 444 1
420 8 9
337 443 3
226 46 9
324 158 6
463 36 9
42 111 10
329 446 9
136 101 9
26 85 3
192 39 3
400 270 1
254 66 9
119 499 1
326 140 6
353 281 10
180 309 5
219 135 1
220 197 10
317 264 1
158 40 3
123 184 7
285 174 2
67 191 2
405 154 1
313 448 6
56 184 1
380 8 10
269 275 4
103 461 8
50 345 4
484 415 2
365 347 1
402 366 7
344 323 2
33 487 8
388 445 8
267 153 3
401 138 8
447 485 9
296 166 4
466 441 4
433 406 6
215 24 3
6 406 2
305 238 5
87 2 1
52 477 9
402 471 8
479 60 2
33 289 2
209 52 9
453 435 7
197 51 4
86 371 2
144 208 10
172 165 1
13 283 10
416 389 8
142 173 6
8 147 8
224 306 10
3 180 2
55 196 4
220 226 10
191 47 4
313 206 9
94 10 9
446 143 4
364 257 3
278 252 1
478 244 9
305 35 1
429 217 2
295 297 9
96 232 9
371 440 4
197 31 8
257 196 8
344 136 5
54 449 4
264 356 9
69 110 9
110 262 7
393 56 7
181 407 8
267 90 8
437 195 2
440 435 5
318 227 10
406 189 6
480 305 9
105 337 2
173 419 8
253 463 8
246 119 4
114 158 7
316 481 7
30 339 7
395 354 4
476 251 2
6 282 5
445 257 6
410 364 5
286 384 10
99 474 3
232 330 2
462 362 3
1 321 7
71 394 8
301 356 5
147 80 3
90 33 3
170 449 4
19 101 7
247 251 10
467 232 8
303 79 5
383 434 4
402 131 1
441 256 6
312 157 5
108 98 6
343 330 8
22 235 2
333 14 10
140 39 4
469 142 10
82 261 8
204 92 4
465 44 4
164 200 5
335 454 9
248 460 10
497 479 5
127 267 9
485 312 10
217 70 10
396 398 5
175 407 1
168 482 7
347 307 3
156 165 8
309 277 4
421 208 7
247 156 7
127 214 7
237 158 3
75 422 6
92 228 9
362 190 2
489 240 6
471 91 1
54 68 10
223 91 7
222 68 10
238 466 7
41 241 3
112 101 4
195 39 10
388 328 5
53 500 8
240 121 5
422 420 7
476 291 6
400 75 6
413 105 8
48 365 8
16 13 9
210 349 4
445 162 3
207 216 2
312 394 5
408 118 7
68 163 9
490 162 9
491 172 8
18 230 2
446 254 1
23 473 9
242 101 3
153 65 6
304 452 4
291 368 7
240 148 8
89 231 3
471 389 1
478 53 4
493 150 2
227 220 10
20 483 1
465 399 4
219 251 9
29 65 4
14 406 9
262 160 4
75 107 1
81 496 7
23 131 8
492 346 9
295 139 4
225 371 8
485 480 4
169 434 3
475 145 9
450 361 6
249 47 5
213 54 9
66 157 1
278 76 6
168 79 4
209 387 2
204 106 6
323 299 3
370 97 9
268 60 1
316 44 3
161 301 8
155 392 5
137 181 9
96 44 1
152 23 7
330 197 9
393 88 9
102 30 2
69 369 4
91 165 3
330 432 8
400 333 3
371 434 8
79 473 8
211 4 5
471 251 9
381 391 2
492 79 3
494 246 8
310 321 1
438 55 7
133 268 6
17 271 4
178 334 4
188 296 2
393 334 8
384 5 8
254 259 6
326 23 9
284 387 4
361 146 9
316 128 10
231 433 5
365 479 2
483 274 5
103 260 9
309 223 10
340 124 2
109 95 9
342 72 5
325 246 5
324 227 3
4 438 5
415 154 3
196 400 10
489 113 4
165 110 9
342 228 4
381 135 5
20 344 6
20 84 1
351 263 4
265 425 7
484 408 9
214 196 9
36 60 8
397 181 8
91 64 4
118 254 2
112 234 3
404 270 6
421 302 3
355 327 2
118 413 8
163 41 3
476 75 10
122 24 10
492 81 9
164 476 1
165 179 8
181 379 10
104 323 6
355 146 8
366 200 1
128 283 8
408 335 9
303 269 4
406 38 8
108 358 1
226 466 4
82 40 9
212 421 8
7 30 1
424 466 2
253 472 5
492 201 2
460 105 2
294 313 9
203 178 9
241 453 6
272 61 5
455 254 1
26 28 10
402 44 4
260 98 6
428 323 9
437 492 10
464 114 8
217 117 2
30 275 1
223 241 7
111 495 9
310 332 10
131 336 7
168 405 1
406 110 9
47 359 6
417 31 2
22 112 4
96 272 1
68 388 2
24 337 3
237 220 7
463 245 1
279 61 2
239 212 8
218 93 8
101 405 4
492 486 1
491 305 4
427 346 7
66 278 10
453 121 4
285 485 4
54 352 3
487 401 1
233 257 6
55 169 6
455 431 10
134 33 3
425 191 9
437 466 9
379 249 5
186 142 3
421 53 2
215 299 1
393 209 10
91 424 7
431 170 6
438 229 1
147 209 2
242 79 9
358 256 10
482 158 9
31 235 10
294 63 5
476 194 7
255 58 8
363 2 7
117 205 4
469 241 3
337 482 8
1 466 8
254 452 7
278 452 3
90 163 4
288 175 1
465 216 1
25 120 8
421 246 1
197 449 1
52 177 9
415 36 2
106 452 10
190 150 3
265 309 6
486 328 9
317 73 8
9 231 2
119 447 7
53 409 5
406 457 5
216 424 8
111 386 10
284 313 5
473 244 1
354 387 2
352 101 2
69 197 1
65 462 1
301 45 8
97 324 7
411 57 10
102 406 7
308 93 10
229 386 8
392 129 9
188 279 6
66 478 6
427 375 4
268 140 1
82 439 9
476 316 3
115 49 6
446 59 5
150 236 5
354 229 9
254 316 8
218 145 5
321 390 8
476 441 5
129 101 2
297 82 5
283 443 6
83 3 8
66 334 10
102 75 10
3 174 10
434 299 1
18 367 6
25 22 3
294 198 6
42 25 4
8 190 3
469 66 10
40 381 8
402 434 10
191 302 4
229 2 3
464 357 2
240 290 9
341 491 3
465 365 3
152 482 9
18 3 9
442 364 1
224 10 5
491 9 6
87 457 9
492 49 6
150 108 2
316 277 8
448 414 7
249 152 6
219 394 6
111 483 2
216 425 10
288 317 5
132 393 7
273 376 6
291 16 9
427 206 5
10 353 2
437 416 3
368 356 8
96 139 7
4 185 6
132 430 8
55 424 8
242 49 3
81 330 6
64 436 9
338 397 2
407 11 5
403 9 4
68 339 3
293 489 3
291 248 6
10 128 8
484 449 8
270 444 5
130 55 10
250 492 5
373 85 1
480 204 10
178 194 4
362 465 2
441 462 4
20 38 4
404 175 9
49 493 3
325 71 1
43 15 9
475 342 1
68 19 8
308 272 10
374 158 3
233 274 10
254 267 7
490 215 7
13 481 6
117 132 2
370 43 6
262 3 10
296 228 2
163 10 6
208 55 10
371 136 2
270 208 10
406 312 7
267 409 8
379 158 10
6 195 9
66 202 8
213 300 6
1 219 7
157 212 4
51 149 6
164 218 1
335 437 2
380 293 5
174 61 3
16 33 6
325 396 7
364 121 6
266 335 5
70 103 2
298 392 5
206 377 10
327 281 5
385 349 4
423 410 3
18 153 9
269 77 10
389 69 4
142 494 8
386 56 1
398 142 8
7 122 3
47 363 3
454 411 7
314 112 10
324 460 10
248 462 3
476 221 6
465 235 7
406 410 9
233 25 9
22 66 9
268 409 6
153 254 2
39 446 3
268 248 10
292 264 3
31 314 10
322 297 2
333 51 7
324 110 7
257 120 3
34 495 10
211 433 2
84 367 9
486 428 8
244 368 4
107 15 4
15 78 10
50 17 3
373 353 1
136 39 5
485 59 5
19 363 9
333 222 4
185 374 4
237 348 6
229 169 5
361 110 10
144 30 3
210 302 2
122 348 7
32 255 2
215 385 4
382 190 7
11 375 5
120 347 1
493 385 6
173 448 9
396 497 3
164 224 8
160 220 3
133 36 5
57 463 2
230 11 9
390 438 2
78 291 4
94 438 8
327 129 5
193 484 3
133 455 9
77 112 3
366 165 3
409 210 5
369 236 1
323 53 1
396 447 8
491 338 4
417 204 9
480 202 5
197 317 9
34 86 1
162 192 3
260 370 6
116 225 6
305 177 6
102 54 2
357 442 6
137 69 8
25 463 4
248 55 10
165 123 2
154 326 7
383 168 2
467 176 3
300 362 7
49 420 10
213 360 7
98 3 10
57 165 5
414 239 3
245 6 8
220 346 4
99 132 9
3 30 7
477 1 8
224 268 9
488 480 7
110 271 9
209 498 1
441 167 3
75 250 9
385 334 3
302 42 4
491 215 1
42 467 7
446 1 6
161 438 5
496 441 3
97 493 8
92 39 6
129 315 1
345 15 6
17 158 4
417 142 7
231 462 10
73 440 3
116 497 5
298 305 1
494 365 7
498 173 1
199 90 10
70 311 8
449 290 1
115 322 9
452 256 8
401 184 1
381 336 3
253 3 4
84 117 1
16 315 2
295 196 3
379 105 4
86 167 1
141 264 3
252 81 7
229 447 10
243 247 5
270 140 5
17 111 10
186 466 6
410 355 3
304 107 5
81 425 6
471 7 10
250 59 4
230 407 1
309 332 9
16 218 7
271 322 3
441 449 9
147 130 4
384 15 3
305 213 4
424 458 9
419 3 8
13 451 5
369 87 6
430 379 5
420 149 10
376 48 10
491 127 1
164 222 9
187 428 5
431 342 9
127 291 9
420 4 10
371 47 8
438 215 6
16 477 6
379 171 2
278 145 8
233 241 5
351 182 6
394 314 6
173 29 7
39 305 7
326 125 6
132 316 6
341 388 1
498 139 2
423 65 3
107 137 2
64 197 10
388 41 3
218 404 7
258 310 1
142 412 2
474 496 10
153 94 7
32 435 5
253 90 3
462 154 10
201 453 6
401 248 9
74 271 8
444 176 5
158 47 7
447 201 8
407 331 7
15 330 1
232 110 9
97 316 10
74 43 6
24 490 8
44 382 2
65 316 7
365 164 9
450 221 9
391 375 2
393 169 5
222 199 1
387 126 4
207 165 8
73 200 9
212 16 3
484 451 1
129 257 2
317 23 10
493 374 10
5 473 4
260 356 4
331 359 9
323 361 9
137 111 8
308 223 4
108 303 9
251 331 2
97 6 10
85 418 7
162 103 6
245 238 4
445 153 9
228 467 9
130 317 8
148 449 4
79 163 9
38 121 10
366 235 8
453 466 1
29 106 10
150 224 5
261 370 6
47 311 2
276 360 1
418 153 2
489 429 3
340 489 9
231 149 10
457 420 1
411 62 9
410 52 6
394 291 5
34 409 4
187 133 3
144 97 2
278 68 5
52 296 10
498 186 4
269 71 7
136 227 8
383 136 3
16 158 10
482 383 2
460 108 3
407 167 9
368 402 9
198 92 7
83 199 5
295 173 9
416 464 7
458 473 8
475 27 10
297 93 4
446 202 5
303 265 9
68 79 8
160 201 1
234 98 9
314 448 8
276 221 9
102 333 3
116 229 9
348 319 3
281 321 10
21 293 7
254 199 10
458 213 10
120 46 6
20 407 8
417 96 8
468 343 6
286 194 5
153 435 10
112 282 8
271 202 6
53 102 4
491 195 8
295 31 6
46 209 1
450 193 5
342 24 8
387 462 8
15 103 8
435 21 6
479 324 4
179 9 9
11 299 2
105 88 1
237 22 2
335 232 2
96 403 6
12 448 10
43 104 7
173 435 10
180 136 7
4 31 10
260 180 7
330 32 3
174 83 6
295 339 1
157 87 9
480 482 10
233 106 6
51 5 5
294 69 5
10 384 5
233 48 10
5 271 1
309 423 9
460 112 6
453 111 3
485 12 1
368 483 6
282 302 8
350 7 1
174 195 1
80 461 6
168 246 9
6 417 3
48 203 2
469 356 4
411 341 9
164 323 5
349 412 9
57 344 6
8 15 6
77 418 7
125 278 6
217 128 7
436 335 10
127 483 10
20 129 5
473 384 9
411 484 7
97 64 3
395 447 8
186 313 7
114 317 10
379 7 8
111 128 10
450 377 7
210 497 10
211 111 10
104 429 4
319 413 10
52 300 5
174 303 3
328 404 8
199 100 5
388 398 8
399 458 9
223 407 4
277 385 5
378 40 2
58 148 8
422 332 6
204 119 8
233 351 9
476 183 9
163 183 4
322 472 3
45 204 4
448 67 3
160 289 1
271 191 1
303 462 3
58 376 6
137 180 8
16 225 7
64 489 3
283 190 7
234 229 9
352 28 2
48 427 5
217 387 5
57 88 5
483 281 8
228 204 9
72 63 4
94 451 4
26 121 3
180 414 1
419 322 5
349 79 1
320 132 2
29 197 5
292 419 2
189 405 2
74 20 10
490 26 9
419 319 5
148 33 1
329 50 9
414 462 6
315 123 3
245 361 4
182 34 9
13 83 8
113 16 4
21 498 7
226 388 8
59 198 7
173 338 10
168 452 6
110 95 8
147 384 10
362 209 6
363 471 8
321 177 4
77 188 2
88 187 8
116 318 5
385 113 4
183 204 4
295 275 1
340 10 5
79 175 4
254 500 7
10 90 5
189 388 10
278 122 1
44 259 9
370 320 6
297 282 10
480 112 9
115 400 2
75 269 6
259 135 2
378 216 10
355 419 4
391 277 3
352 387 1
158 435 9
136 171 2
112 342 10
60 301 6
254 478 6
108 454 7
403 274 4
46 159 8
409 382 4
211 338 9
460 316 9
15 335 1
485 218 10
168 389 9
295 52 4
249 416 3
199 417 1
461 287 6
485 185 3
7 441 3
199 403 9
104 484 6
20 319 3
189 109 4
121 295 6
27 120 4
198 168 3
240 64 10
159 102 8
209 321 4
482 374 4
381 149 8
128 67 3
305 439 5
434 277 3
407 121 10
57 46 4
303 313 7
440 312 5
388 214 4
78 54 2
284 58 1
62 304 2
12 85 7
312 270 7
117 145 9
225 173 2
352 371 3
336 195 7
6 493 3
309 444 10
251 210 6
316 491 10
144 157 3
154 211 6
271 465 6
47 394 8
37 299 10
411 492 10
83 187 2
408 254 9
486 27 10
172 315 8
448 152 4
417 173 3
485 68 10
293 227 1
100 201 3
345 3 5
81 118 3
349 110 4
207 141 7
481 254 7
299 335 4
498 20 6
411 366 8
271 325 1
217 378 4
211 326 9
47 242 9
181 185 6
480 42 1
482 428 7
368 199 3
266 176 6
444 419 3
164 137 8
144 303 6
235 179 9
62 449 2
454 200 3
48 316 1
426 254 2
492 94 8
198 469 3
78 252 7
434 485 1
40 154 10
322 304 4
455 77 1
301 138 3
24 402 7
80 338 5
291 236 2
477 221 4
442 288 4
247 120 5
362 356 4
426 99 6
349 294 6
402 9 5
60 17 1
130 301 7
400 222 9
414 265 6
384 158 2
64 406 7
481 97 1
455 115 6
396 216 8
48 83 8
328 374 4
481 120 6
218 190 4
175 402 10
19 309 10
50 54 6
111 427 6
486 30 7
488 154 2
409 279 4
343 206 8
157 107 3
478 302 9
271 446 7
481 213 8
443 267 6
8 428 3
386 38 10
170 155 2
268 148 5
33 6 6
146 263 6
96 253 6
459 54 3
295 55 4
341 125 8
218 228 7
396 103 10
193 340 10
164 483 8
41 382 4
199 453 4
447 191 2
480 446 10
149 214 7
394 210 8
463 332 9
212 228 8
206 390 10
498 140 1
71 454 9
256 384 2
385 14 5
162 263 6
141 242 10
494 399 1
142 497 10
462 393 4
458 59 7
213 398 4
499 41 7
283 106 8
425 136 1
360 23 2
125 137 5
170 464 8
28 161 6
484 55 5
484 34 1
455 148 5
486 351 8
477 305 9
254 447 6
326 233 3
244 105 2
463 389 6
415 206 7
268 39 9
74 409 10
38 225 5
67 261 5
17 53 10
175 381 8
426 388 8
169 1 9
470 319 2
256 309 7
170 305 3
306 336 5
245 321 10
394 338 4
171 296 7
288 226 6
398 376 3
197 447 8
498 93 8
477 247 9
299 446 5
335 64 10
485 343 1
447 404 10
477 417 5
64 451 8
200 84 1
395 301 5
139 291 10
62 279 2
326 435 8
256 114 10
131 207 3
391 63 2
367 189 5
46 132 3
345 216 1
209 232 1
52 292 8
217 27 1
82 307 5
183 351 4
309 464 7
6 449 6
292 460 3
473 330 4
432 263 5
1 324 1
455 336 4
401 459 8
249 45 3
64 281 1
434 255 4
250 87 7
473 368 9
208 429 2
190 344 1
108 169 4
429 69 4
405 395 4
294 453 10
130 345 8
118 244 4
152 350 1
212 6 1
37 302 6
423 336 3
384 339 10
391 254 8
404 455 2
146 95 6
177 232 1
8 117 7
470 226 10
113 464 3
147 337 10
293 8 4
213 457 9
283 363 3
209 317 9
31 159 3
470 354 2
88 101 5
429 263 1
140 71 5
258 405 3
372 201 2
497 6 4
433 50 9
321 24 1
488 211 9
123 226 9
33 366 5
332 263 6
406 217 8
384 419 10
156 57 7
392 442 10
10 24 1
53 470 6
274 131 8
404 329 7
484 406 2
272 356 2
306 198 5
210 37 1
394 4 2
370 432 10
438 258 1
139 361 9
122 3 7
127 307 1
412 262 10
227 27 8
379 35 10
242 203 8
84 314 9
310 375 9
320 401 5
120 115 4
210 484 7
330 140 7
470 23 7
100 13 3
411 336 10
450 92 4
339 274 7
37 182 3
424 288 3
118 22 10
498 456 5
480 298 8
368 342 8
336 498 8
354 345 2
353 39 1
407 102 9
362 38 1
394 285 3
197 406 4
488 425 5
52 398 2
396 434 8
260 456 4
330 301 4
413 111 6
250 216 6
329 58 1
129 364 5
22 335 10
466 153 10
221 500 6
224 204 1
137 38 2
427 43 9
372 139 4
131 214 10
76 328 4
154 222 5
387 144 9
340 463 9
4 362 4
361 177 3
195 484 8
123 214 1
239 474 2
458 85 9
126 88 2
335 245 6
34 5 1
457 45 10
277 134 9
272 493 6
176 401 8
84 446 3
469 447 10
198 89 8
98 118 2
70 270 9
57 413 2
199 463 3
38 452 7
169 159 3
336 320 8
150 273 8
121 247 8
323 472 6
14 38 1
226 6 7
262 42 1
295 452 5
370 169 10
338 14 9
116 395 9
161 177 2
477 367 2
199 23 9
491 124 6
295 2 10
59 410 5
166 461 7
249 456 3
212 159 7
4 94 5
181 173 6
11 41 7
268 498 6
150 208 7
441 283 5
53 137 10
233 151 3
39 212 1
423 382 1
77 43 3
381 10 4
306 111 6
72 103 7
265 142 7
32 56 2
301 468 10
304 148 8
121 251 3
10 44 3
260 122 10
447 198 4
163 112 9
404 376 3
23 179 5
365 18 3
491 80 10
43 280 6
281 294 9
194 213 9
124 476 7
390 82 1
281 199 4
54 17 5
491 343 6
183 364 6
43 205 10
449 374 3
48 428 4
432 465 4
24 304 7
47 321 10
453 135 8
375 44 10
64 473 9
298 163 6
119 369 6
258 42 3
459 372 10
408 399 7
163 9 6
301 424 2
271 102 10
430 390 2
493 301 5
493 321 3
1 468 10
250 230 9
364 31 10
78 222 1
95 143 6
275 182 6
209 1 3
41 470 5
120 126 6
341 404 6
324 496 7
74 110 8
191 133 2
273 299 9
338 12 3
496 449 3
32 202 3
217 260 7
449 84 6
283 476 5
371 404 3
393 402 3
115 13 5
226 155 3
69 121 10
223 200 10
46 79 8
451 38 4
487 339 4
211 274 10
472 74 1
203 4 10
288 217 10
54 381 9
450 127 3
3 228 5
97 199 9
450 22 2
297 62 2
470 420 10
180 88 2
487 106 10
140 485 9
490 483 2
86 406 2
481 81 7
495 344 3
378 173 1
33 494 9
143 409 8
475 237 3
341 318 8
164 266 4
480 144 1
44 125 5
157 407 3
372 295 10
303 380 1
350 330 1
215 364 10
419 206 2
204 210 1
489 468 3
300 100 5
270 276 2
61 265 8
459 32 7
424 158 4
449 407 1
181 288 8
447 27 9
11 159 9
247 369 7
408 478 5
126 337 5
11 456 7
10 88 10
325 196 2
449 433 4
334 336 6
222 258 2
191 393 4
197 109 2
337 116 8
391 459 9
83 42 7
350 209 10
165 459 1
226 128 4
351 334 7
486 339 7
38 63 10
12 212 6
114 51 9
101 368 9
88 382 9
258 487 6
336 378 3
117 134 10
402 239 8
121 30 10
384 273 10
33 308 2
61 77 10
120 144 10
142 384 5
416 174 6
178 434 8
132 94 9
2 208 10
11 29 10
47 339 2
81 161 7
83 315 4
275 277 6
242 450 4
139 154 10
167 395 6
488 214 8
112 191 5
304 115 2
232 221 7
260 252 4
259 19 6
264 406 2
419 363 6
213 436 5
42 242 4
309 34 10
492 447 5
73 237 2
480 319 5
150 133 9
178 155 8
182 139 4
281 292 10
65 368 9
62 312 10
238 261 10
32 23 5
430 67 7
33 416 2
21 354 5
345 184 5
78 108 3
101 407 4
171 364 7
383 346 8
144 478 10
474 228 7
130 320 2
172 456 1
319 272 6
296 398 3
356 312 5
284 245 4
245 311 1
450 42 5
89 124 5
89 289 7
82 220 5
247 60 10
276 138 8
21 396 2
93 465 10
106 116 4
50 225 9
396 449 1
205 472 10
386 347 4
367 88 6
287 401 4
237 118 9
236 464 7
353 356 7
127 457 5
475 450 3
6 455 1
454 249 4
394 128 7
192 269 3
234 117 8
121 31 5
102 274 6
43 345 8
441 357 6
108 1 1
139 162 5
105 360 3
395 247 1
486 304 10
163 21 4
256 96 5
277 205 3
151 219 10
13 265 6
139 116 6
397 59 4
175 21 3
417 275 1
411 44 4
87 152 7
19 190 6
152 321 2
163 407 1
262 326 4
421 37 6
444 74 8
148 4 6
319 94 7
456 35 1
305 199 10
160 358 8
172 253 3
96 223 1
182 456 8
219 9 5
250 348 5
369 259 2
487 54 4
338 347 10
49 398 4
315 25 4
307 288 3
494 240 5
249 326 7
227 87 5
21 469 10
98 174 1
269 23 4
420 59 5
319 378 10
289 150 2
362 110 3
42 288 4
213 439 10
191 141 7
152 140 7
457 259 6
292 382 6
101 465 9
464 46 7
447 392 2
288 188 9
414 295 3
128 20 3
171 197 6
122 373 4
453 385 5
418 403 6
41 146 4
357 361 1
244 191 10
49 29 6
374 133 6
218 60 8
497 414 4
88 72 2
377 268 7
348 357 7
137 82 10
349 234 8
411 393 7
240 455 9
329 101 8
316 168 1
104 279 10
447 415 6
325 105 5
83 91 5
408 317 9
437 350 3
111 268 9
53 191 5
316 124 6
115 293 2
454 14 5
85 328 8
247 445 5
2 206 7
26 449 9
392 385 7
46 171 4
141 403 6
179 58 3
7 226 10
147 134 3
103 204 2
27 79 10
418 498 4
152 417 9
296 374 7
159 143 3
464 364 10
250 260 6
478 105 6
290 89 10
496 84 9
306 44 1
457 225 10
120 276 6
256 65 1
347 171 9
211 59 9
160 459 5
33 111 7
142 388 7
322 477 2
117 388 5
11 124 7
116 201 7
222 202 5
328 403 5
38 312 6
297 396 5
6 153 3
144 401 4
185 416 5
179 302 10
22 60 6
36 215 8
166 415 1
352 38 7
286 290 8
423 441 6
177 265 1
225 273 4
200 494 9
493 426 4
18 298 9
18 82 9
47 436 9
499 274 6
249 121 4
232 283 6
435 68 4
163 378 2
150 446 8
203 105 1
135 454 7
316 276 7
486 227 3
127 319 5
166 387 3
82 13 8
400 106 3
220 167 7
270 393 9
392 254 1
436 166 3
314 494 6
221 83 2
72 251 5
23 89 8
441 225 7
280 191 7
101 421 1
343 439 10
244 367 2
155 205 4
32 370 7
409 313 10
357 73 2
341 183 7
345 375 4
22 69 7
282 197 4
159 399 5
235 2 8
232 435 1
367 350 7
310 147 2
278 75 2
11 48 10
465 97 8
263 487 7
178 218 7
319 26 3
229 177 6
415 101 2
30 174 10
295 420 1
427 127 4
355 21 10
298 491 3
23 200 1
332 351 3
379 55 1
234 61 10
258 255 10
51 200 8
334 59 2
463 290 6
57 246 9
307 357 7
327 80 8
340 405 5
47 161 4
387 44 4
107 390 1
370 333 9
247 288 9
183 333 9
125 353 6
361 286 8
78 425 2
416 79 7
378 488 6
76 344 3
314 407 6
398 287 3
436 107 2
326 287 1
38 389 6
478 487 1
215 308 5
494 461 4
199 333 2
301 414 2
231 294 4
141 485 1
118 297 3
375 478 6
396 445 9
443 36 10
359 455 5
289 389 3
335 402 3
417 329 9
334 248 8
323 129 8
429 94 2
431 347 5
38 25 5
160 47 7
195 183 10
54 267 4
460 136 3
330 125 4
256 334 4
87 213 2
329 228 4
150 197 7
242 158 6
224 294 4
453 155 6
334 113 9
217 199 9
411 370 9
49 136 9
113 179 10
249 135 9
13 126 5
61 310 4
470 303 3
264 196 3
333 94 5
286 392 10
83 257 5
230 285 3
383 415 1
180 230 10
478 314 1
76 385 1
405 345 1
367 438 9
272 324 9
385 175 1
11 472 8
389 155 9
124 323 4
309 351 8
205 130 8
366 36 9
345 104 4
469 426 4
165 135 5
496 314 8
468 254 7
336 244 8
338 215 6
181 102 3
126 342 10
363 23 4
62 344 9
492 268 9
340 129 1
28 262 5
116 273 10
42 237 5
64 345 2
421 365 9
175 239 4
70 414 6
376 406 7
491 158 2
109 487 9
351 1 10
189 233 3
422 470 4
13 303 6
128 492 4
417 269 9
493 33 6
290 377 7
169 484 7
451 233 4
34 401 6
251 143 5
138 420 6
282 270 1
372 484 5
261 460 10
182 90 1
238 291 5
486 96 9
168 40 5
196 289 1
338 424 2
206 50 6
203 272 6
237 240 1
83 217 5
183 457 5
19 76 1
335 123 8
39 312 10
454 235 9
485 297 3
464 417 10
164 47 7
140 194 5
498 230 5
443 45 1
184 47 4
88 342 6
57 120 1
471 395 8
289 264 7
327 63 1
471 311 8
478 61 3
453 178 1
31 195 10
30 59 6
364 459 3
418 254 2
433 42 9
350 406 2
132 426 9
249 336 6
304 12 10
76 483 1
326 225 7
313 309 9
398 370 4
491 388 6
83 457 5
340 131 6
203 455 7
303 320 7
337 329 3
372 360 3
432 200 4
342 234 4
149 11 8
52 226 10
230 107 7
422 66 1
297 92 10
238 95 4
234 75 6
313 244 3
307 27 9
117 94 4
5 371 1
264 295 7
448 223 5
156 268 3
130 340 8
121 328 4
123 22 6
60 428 3
392 413 10
23 471 2
292 310 2
89 42 10
188 52 4
191 423 1
162 203 1
295 315 2
79 59 1
192 62 2
52 178 4
209 313 5
473 216 5
191 339 10
116 283 7
171 116 8
416 334 1
373 488 3
173 304 8
316 90 2
198 241 10
452 260 9
52 289 6
352 68 5
161 215 7
118 383 3
403 187 3
44 460 9
15 198 6
30 304 3
449 101 8
377 306 7
166 107 10
171 145 8
83 161 8
466 417 8
482 356 10
151 340 2
69 179 2
412 235 4
406 494 5
148 308 2
246 118 7
116 426 7
105 362 5
218 142 8
28 104 4
166 202 4
60 480 6
205 422 9
477 237 9
35 443 8
457 191 5
320 184 3
417 390 5
459 243 3
333 24 7
491 278 10
250 239 6
136 205 3
258 312 7
445 199 2
323 476 1
184 65 10
439 358 3
227 288 8
105 20 7
312 195 10
256 41 8
216 363 3
123 116 5
98 463 2
442 127 1
14 97 3
282 157 9
460 95 2
459 430 9
351 220 10
3 108 5
8 126 3
321 256 2
492 68 8
343 151 9
438 85 6
344 238 10
237 88 3
409 167 10
163 443 5
52 135 3
412 43 5
100 180 5
121 293 5
189 305 4
396 228 6
422 340 1
380 344 7
459 37 2
149 175 4
55 340 7
176 188 6
224 437 3
414 307 2
421 260 9
115 452 6
462 495 1
249 406 4
405 453 4
74 404 5
492 382 5
113 319 5
321 84 2
467 475 10
95 307 4
295 186 9
54 121 1
174 410 9
120 7 7
37 172 6
201 452 1
429 132 9
184 133 2
117 393 3
75 100 7
422 21 7
73 280 8
345 372 10
238 185 4
80 291 3
240 122 7
325 34 9
294 244 4
372 243 2
128 257 3
367 198 9
421 73 5
327 384 9
184 253 6
140 285 2
220 26 5
449 3 8
483 70 2
237 275 3
476 280 9
21 327 4
478 372 10
390 103 5
209 454 9
29 194 2
492 343 7
89 52 10
74 115 6
159 423 8
106 350 7
164 389 4
211 190 7
263 108 2
249 136 6
80 460 1
456 474 2
415 35 8
487 318 3
213 27 9
272 434 7
416 195 1
288 408 7
51 323 5
23 315 8
388 82 10
490 5 8
49 238 7
87 183 9
488 241 7
137 415 1
379 327 6
172 358 5
64 98 7
299 344 7
153 294 4
361 490 7
355 319 9
288 345 10
367 181 6
156 131 10
30 287 10
482 319 5
162 257 6
404 40 3
219 370 7
379 87 3
447 199 4
150 420 1
484 7 6
149 90 1
463 10 4
64 480 10
450 152 3
357 188 10
409 256 9
211 216 9
451 89 6
369 68 8
482 261 4
213 401 10
440 121 4
190 438 2
5 141 1
397 349 5
113 451 4
126 361 9
308 237 9
318 189 9
347 251 5
174 288 3
225 211 10
376 394 5
418 207 2
31 333 5
59 337 10
427 219 3
46 343 3
268 56 4
345 21 8
430 173 10
294 283 10
500 261 6
426 257 1
340 467 5
479 132 9
180 492 10
259 494 1
299 303 2
79 381 2
426 61 10
334 360 7
111 377 1
335 63 7
339 284 6
14 34 7
96 174 8
7 306 1
207 148 6
326 250 3
278 163 4
386 478 10
218 174 9
115 459 8
1 355 5
292 371 4
390 93 2
240 468 5
76 364 10
134 70 4
215 484 1
225 71 3
109 220 7
18 449 4
391 228 5
343 254 7
317 98 4
111 174 4
21 134 3
467 270 10
276 328 7
241 294 1
274 250 3
290 376 5
293 26 1
270 304 4
51 403 9
214 13 9
50 147 8
425 333 7
118 310 4
365 388 2
196 419 7
432 166 8
56 24 5
86 88 5
328 232 3
465 488 7
408 384 6
138 317 3
491 137 9
455 202 1
237 434 1
465 211 5
397 264 4
431 341 5
340 173 5
478 264 1
327 102 6
94 337 10
374 101 7
249 408 4
474 73 4
227 347 6
301 445 2
132 400 10
482 321 5
483 365 4
449 346 3
38 371 1
53 246 8
126 472 3
14 372 3
439 144 9
355 405 6
30 336 4
492 471 8
373 243 9
347 235 10
410 204 1
306 99 10
282 13 10
300 170 5
14 44 6
390 450 4
382 350 5
425 416 10
246 145 10
303 342 4
212 84 10
166 354 9
207 217 10
267 259 1
388 47 9
37 492 2
389 313 9
322 263 5
239 22 10
370 121 10
14 182 4
74 387 4
313 342 7
14 400 4
70 318 4
94 179 4
469 130 6
248 198 6
342 137 9
326 29 3
197 331 2
383 399 1
237 187 2
170 74 7
100 479 9
386 458 5
366 334 6
487 79 10
321 488 3
375 413 2
264 244 6
360 375 9
286 237 9
386 81 7
43 98 4
2 126 9
368 230 10
320 453 7
346 88 5
466 244 9
54 215 2
360 408 4
142 458 4
198 389 8
40 151 5
159 198 8
450 430 10
336 324 1
79 53 1
69 459 8
52 2 4
86 462 3
211 49 8
364 91 3
239 131 5
323 319 10
148 318 2
124 423 5
25 173 8
156 329 8
348 112 4
331 189 3
363 53 7
294 356 7
376 181 8
77 437 10
357 316 5
50 428 9
269 179 10
35 338 3
95 272 8
457 39 10
38 261 4
72 168 7
274 492 5
396 380 5
118 314 5
384 181 5
294 415 10
97 208 9
449 239 3
207 378 5
141 470 2
451 260 9
459 450 3
361 169 3
225 167 8
227 5 4
39 357 3
93 277 8
349 386 6
317 488 6
166 147 10
283 473 6
392 245 7
227 435 5
496 7 3
366 495 4
411 13 4
407 96 5
402 392 6
428 498 2
22 120 1
262 77 8
178 154 3
73 387 10
157 96 5
160 178 1
311 403 5
377 58 3
86 456 1
146 440 7
9 274 5
224 372 2
302 205 8
425 299 7
12 498 10
4 416 5
269 475 4
61 383 2
153 497 7
72 12 2
88 298 5
408 380 8
119 172 4
162 351 3
265 366 8
38 315 3
337 269 10
179 163 3
485 405 2
105 409 7
279 291 7
51 128 6
86 303 8
243 8 1
311 296 2
9 187 2
178 248 8
443 155 3
430 291 9
234 121 9
20 279 10
247 129 10
208 415 7
368 497 3
145 382 9
293 266 1
99 413 9
137 387 9
139 36 5
394 112 8
268 118 7
428 107 1
145 184 2
467 277 3
99 184 2
441 350 4
334 329 9
293 18 5
36 98 9
491 114 1
485 54 2
99 11 7
389 172 7
35 363 5
383 318 9
439 302 6
291 2 2
290 36 10
143 315 3
326 478 10
48 107 5
175 486 7
240 377 4
128 66 9
286 270 2
200 152 3
256 368 4
275 409 7
490 408 7
200 264 4
213 345 2
361 373 4
85 4 8
90 290 2
372 314 3
216 248 1
305 408 3
349 38 5
450 52 5
51 372 8
63 54 7
277 72 10
86 360 8
49 142 6
395 176 1
65 421 3
354 325 8
469 94 8
434 25 9
402 463 5
106 141 1
260 385 8
458 262 1
80 125 8
261 432 1
360 226 5
119 128 7
353 347 4
195 432 8
229 23 1
362 266 7
167 413 6
415 98 1
292 3 5
332 145 1
112 285 5
459 21 2
238 267 6
305 211 1
75 41 1
60 92 5
442 360 1
308 464 3
259 169 3
374 456 3
147 348 8
434 322 2
294 486 7
28 331 10
431 121 3
340 472 7
222 189 1
276 404 3
301 18 8
436 58 4
108 286 8
429 360 10
184 12 5
215 76 1
291 276 2
301 10 10
205 118 9
333 53 3
332 47 2
16 32 5
141 163 7
179 278 2
403 464 10
208 235 6
455 372 9
66 367 9
256 116 7
428 356 4
137 396 4
421 203 5
292 170 8
225 269 4
447 244 1
312 213 2
311 461 9
489 304 6
148 282 7
380 392 1
350 320 10
232 75 7
451 149 9
128 147 9
74 462 8
486 3 1
239 230 2
144 347 7
312 183 9
215 193 5
314 466 5
492 12 8
294 262 3
452 217 3
68 365 5
275 261 2
289 280 5
25 8 7
257 22 10
251 233 9
283 464 2
289 100 10
345 12 1
135 169 7
191 160 6
122 415 7
97 417 9
343 60 7
146 66 8
302 423 2
180 138 7
183 185 3
115 95 4
277 220 7
346 144 5
228 130 7
137 241 10
366 311 6
36 193 10
470 414 7
435 408 4
166 39 3
289 450 5
413 95 10
355 22 7
293 424 1
26 211 2
55 345 1
23 209 6
40 330 4
32 164 10
314 248 9
365 432 9
345 237 5
395 428 1
174 499 2
111 283 7
171 20 9
250 176 3
439 57 4
214 330 6
201 214 5
87 356 1
362 317 9
21 26 6
462 79 4
396 327 10
497 434 1
346 453 2
85 492 1
112 346 1
230 67 3
102 311 4
480 244 10
449 367 4
45 472 3
270 476 3
167 491 4
361 458 9
224 260 7
356 148 6
437 304 8
366 84 8
305 90 8
19 382 5
105 440 1
383 104 2
476 85 9
107 95 2
376 417 8
125 287 4
343 238 2
87 200 4
474 198 5
60 43 1
371 263 6
349 482 9
457 261 4
341 104 10
233 272 6
306 237 3
157 310 1
369 378 5
384 136 8
208 334 5
30 28 7
389 367 8
243 133 4
500 97 8
351 317 7
430 267 6
104 187 9
489 104 2
237 165 4
64 247 7
290 262 9
414 58 8
8 157 7
237 176 4
157 311 3
491 354 5
68 9 5
465 498 1
46 368 7
50 436 5
419 333 8
290 87 3
389 46 1
335 26 3
227 298 7
290 265 6
403 55 7
334 337 2
378 83 9
42 188 6
106 431 7
94 357 9
229 244 1
65 355 9
51 192 3
83 111 3
105 262 8
21 283 9
249 143 4
283 317 3
312 338 9
60 399 2
302 93 8
97 261 3
238 155 2
312 133 5
38 31 4
250 135 4
147 119 1
10 185 8
497 474 5
107 379 4
377 284 2
86 37 5
409 316 9
284 21 8
216 47 6
85 239 5
161 418 4
222 58 1
114 423 2
408 224 3
96 133 6
398 460 5
429 139 10
455 229 4
209 384 3
13 116 5
287 143 7
424 432 3
355 177 6
429 265 8
195 323 7
88 144 6
15 41 3
68 297 9
273 246 10
44 434 2
494 409 6
451 247 1
427 345 2
68 226 2
367 410 4
311 341 7
454 481 7
299 416 1
288 171 5
80 13 10
211 40 2
278 320 4
52 413 1
136 188 9
330 474 8
5 472 10
294 248 8
62 406 1
390 76 5
180 7 4
213 311 2
488 463 8
370 64 7
58 7 4
24 252 1
415 11 10
220 169 9
60 154 8
27 202 2
18 148 3
150 248 10
307 104 4
283 25 2
128 200 8
271 161 1
423 225 3
137 429 4
53 83 6
426 100 10
271 466 9
249 72 5
404 258 8
254 68 9
441 87 7
259 239 5
103 29 6
36 58 4
479 227 10
208 40 4
7 123 9
337 362 9
453 153 8
400 481 9
469 112 9
393 303 3
305 167 6
145 45 10
86 294 8
222 257 3
396 419 8
249 466 9
468 348 1
134 372 9
403 446 1
499 352 1
206 239 9
115 55 8
7 160 8
201 489 5
375 474 2
343 49 6
338 170 1
32 61 9
421 174 4
426 66 3
401 6 9
286 489 2
214 305 8
112 354 10
430 207 5
245 338 10
349 377 8
482 296 9
301 11 10
335 238 4
153 284 7
297 189 4
151 182 4
162 109 8
395 86 9
429 293 7
337 241 7
39 348 4
223 19 8
406 220 10
479 152 3
409 91 3
112 435 7
233 54 2
445 154 10
457 409 5
399 430 8
414 153 4
165 102 10
100 265 4
13 27 8
152 286 7
3 43 5
198 169 9
81 16 3
320 422 2
190 121 4
269 352 5
249 212 6
175 230 8
324 151 1
324 398 7
498 89 7
245 415 8
130 480 7
308 242 9
57 82 10
281 452 5
121 19 4
121 403 8
250 122 8
441 343 5
444 381 9
309 379 7
261 212 1
96 163 7
388 101 4
258 439 5
132 385 7
249 48 3
468 216 3
55 11 7
31 445 8
64 203 10
408 164 7
465 273 9
434 115 10
293 11 6
400 293 7
306 495 9
39 194 5
71 487 6
452 371 10
143 307 7
13 144 3
326 341 10
320 344 3
193 210 1
254 369 9
258 15 8
268 308 3
294 107 6
481 467 5
249 236 5
433 80 3
496 269 1
280 232 2
416 433 8
493 115 8
412 388 7
209 180 10
286 279 10
40 265 9
208 15 9
360 199 5
93 473 8
294 253 5
198 488 1
487 128 7
328 142 7
8 68 8
96 142 7
97 203 8
498 193 2
370 392 10
312 107 5
131 273 7
46 430 2
468 84 3
348 163 4
258 217 5
413 396 5
288 475 7
82 339 10
141 357 1
178 391 6
297 441 4
211 364 10
10 344 8
279 152 1
3 11 1
411 358 4
200 184 9
142 396 8
264 466 3
461 292 8
274 455 6
225 311 5
10 69 3
381 348 4
200 182 1
106 371 2
277 335 5
59 309 3
482 224 3
54 7 7
69 499 9
371 281 6
76 316 6
28 259 2
107 359 1
144 172 4
145 17 8
433 268 7
59 288 6
74 355 1
259 232 10
265 143 1
234 248 4
297 334 9
492 148 4
423 426 8
410 288 2
352 79 4
334 346 2
257 226 2
60 278 10
89 202 1
417 428 5
277 68 10
345 371 5
152 437 5
301 75 9
277 299 9
126 476 10
498 318 3
171 23 4
60 249 6
115 123 6
296 217 6
132 361 1
55 44 6
6 54 5
55 461 5
471 333 6
211 349 4
2 383 3
83 25 7
205 99 8
2 296 7
89 352 2
456 302 2
328 161 9
285 296 9
351 200 8
421 46 4
86 306 7
55 6 1
330 84 3
125 405 7
100 389 3
264 222 9
201 109 3
110 257 5
39 482 1
173 272 6
44 163 8
162 254 3
61 276 6
144 184 8
347 403 5
165 495 6
171 214 9
42 123 8
411 431 2
260 154 6
364 110 9
127 143 3
228 31 9
449 43 9
168 12 3
482 58 7
498 455 3
192 366 1
153 292 9
270 315 4
139 185 4
360 280 7
280 433 3
455 447 10
168 102 7
429 215 7
449 474 6
259 318 9
194 336 9
176 440 2
15 102 6
404 399 9
66 20 5
91 67 4
159 239 5
217 29 4
35 12 4
255 65 4
36 482 1
5 160 9
419 297 10
116 464 9
54 400 8
12 481 8
180 262 6
227 207 1
172 68 10
49 342 6
235 122 2
386 314 4
151 481 6
481 52 5
92 309 9
446 377 4
242 358 3
340 417 7
16 356 1
487 456 5
325 434 1
255 273 9
299 386 6
189 51 5
400 212 4
472 39 1
91 482 1
74 459 2
112 266 9
363 39 7
488 499 5
412 482 8
414 22 7
89 387 7
103 387 6
106 37 3
446 467 3
235 419 8
450 146 4
196 115 5
142 132 5
383 43 8
249 93 8
116 475 3
36 303 6
272 120 10
118 88 9
270 146 6
451 56 9
404 295 6
116 270 3
143 172 5
334 163 9
410 392 5
404 3 6
448 205 5
100 319 3
187 331 4
497 248 3
234 237 3
125 376 8
101 332 10
197 201 6
272 130 2
88 92 1
285 55 2
439 281 10
415 443 9
185 342 8
284 246 5
496 246 1
44 127 1
99 148 9
27 324 4
126 34 7
47 354 7
238 163 2
417 127 4
209 16 5
136 52 9
55 126 2
386 416 1
106 42 2
116 339 10
229 286 3
188 7 1
157 115 8
90 172 7
445 208 3
255 194 6
31 467 3
68 476 6
102 319 10
221 25 10
57 42 9
467 495 4
287 309 1
404 481 1
370 42 2
231 148 10
292 176 3
365 262 10
223 361 1
439 10 5
414 257 10
355 271 10
442 409 6
11 269 3
162 433 4
472 338 5
63 240 1
234 13 4
386 188 4
16 226 1
489 121 3
197 355 2
174 277 6
303 26 7
49 92 9
185 80 1
455 34 10
242 493 5
303 279 3
61 54 5
231 390 7
236 87 6
204 499 2
339 311 2
380 431 8
41 380 7
4 60 7
242 398 1
187 59 5
54 330 3
160 116 4
186 45 2
445 157 1
99 367 6
266 422 2
282 242 2
383 178 6
278 461 6
222 351 1
193 262 1
97 337 3
208 33 9
320 54 9
458 26 9
111 288 6
272 482 6
154 359 6
258 359 2
386 65 3
146 4 5
291 47 4
360 393 6
74 184 4
334 239 8
92 423 8
97 209 8
487 296 6
223 418 3
400 233 6
16 277 3
20 59 8
417 242 6
372 262 4
366 13 8
470 20 2
221 259 7
445 283 4
422 235 5
475 132 4
113 178 1
230 217 4
353 19 10
25 238 4
226 383 5
54 263 5
229 494 8
404 256 6
380 180 7
127 191 1
421 109 10
2 460 2
272 112 4
65 478 8
476 337 4
36 405 9
445 14 1
44 344 8
300 386 7
21 199 6
215 378 5
332 252 1
425 238 9
16 281 10
129 438 10
72 438 5
316 93 6
475 491 5
177 49 4
315 73 4
256 157 3
221 277 6
281 178 7
296 343 9
473 188 6
230 494 3
340 265 2
333 232 6
279 481 6
154 254 2
396 281 3
427 394 1
55 63 5
77 258 9
159 414 6
81 341 3
260 422 8
147 87 2
240 187 8
92 429 1
30 273 7
241 8 6
199 195 9
308 238 9
415 396 4
12 457 4
160 294 1
111 331 1
233 295 7
221 94 6
74 309 1
111 400 3
315 190 2
308 174 6
360 329 9
379 222 3
190 124 6
385 312 9
454 267 9
383 31 10
96 252 1
76 176 8
130 5 9
467 336 8
88 146 5
394 70 10
166 293 7
115 447 7
192 321 6
224 185 5
481 304 2
497 464 8
57 215 5
31 267 9
134 19 5
169 75 8
184 111 1
164 369 4
190 372 4
423 359 3
460 184 7
44 103 8
393 454 3
410 167 1
138 294 7
399 307 4
156 360 1
381 273 3
290 248 6
243 219 2
322 225 8
161 220 8
148 79 10
217 428 7
203 109 10
125 145 6
54 135 9
209 455 8
229 205 2
346 294 6
432 452 1
134 263 9
7 417 5
259 205 4
125 387 2
370 31 10
297 450 2
214 23 1
72 13 8
203 87 7
446 101 3
461 182 2
207 385 2
355 266 3
228 460 10
343 74 6
355 222 3
15 273 3
379 289 1
70 369 5
164 413 6
360 400 8
141 108 4
470 194 3
450 488 9
446 443 5
440 114 7
212 125 9
77 220 9
250 412 10
67 163 6
117 446 9
364 435 5
12 380 6
216 401 8
461 312 5
90 497 4
88 31 4
18 33 2
426 473 3
241 384 8
490 47 4
393 363 8
389 269 6
397 245 4
140 5 10
236 407 8
400 343 7
157 298 9
187 454 7
301 82 2
147 185 4
447 321 8
147 469 1
199 209 6
97 227 4
362 414 8
51 72 7
459 220 9
15 5 9
362 321 9
449 326 9
67 472 9
16 370 9
106 64 1
476 238 9
153 1 1
451 297 10
459 260 10
119 293 3
481 144 2
288 409 10
120 242 5
194 452 2
339 408 10
74 127 3
400 168 10
232 336 8
496 396 1
307 193 10
409 59 8
442 451 2
177 169 7
328 387 4
11 332 10
74 247 7
240 154 7
384 107 4
355 7 1
125 1 9
483 423 5
174 196 2
459 323 9
164 472 5
378 225 9
473 259 6
114 162 10
210 303 3
406 153 4
138 7 6
127 186 6
107 190 6
284 69 6
396 17 8
369 423 3
435 53 8
253 295 4
29 17 5
172 425 3
124 458 3
136 61 7
327 454 8
138 271 4
205 484 6
233 329 3
86 302 7
268 324 1
257 5 2
395 12 1
99 269 7
196 181 10
7 305 7
340 150 6
368 309 1
379 337 9
195 431 7
389 142 7
443 390 9
27 338 6
102 393 2
86 272 1
123 405 4
396 82 6
343 182 3
100 440 3
176 331 5
90 53 1
458 88 6
324 289 4
221 117 8
487 213 2
369 89 6
178 61 8
392 37 1
85 58 7
186 133 5
136 378 5
354 497 9
404 346 7
233 367 1
163 239 7
130 144 7
412 133 1
214 383 10
43 46 7
352 36 7
148 398 10
426 81 10
492 16 1
101 311 7
281 445 2
348 403 2
84 480 3
364 358 9
490 84 3
125 206 5
240 475 4
349 239 2
151 55 2
113 196 10
424 119 3
418 325 10
263 103 8
143 13 8
67 90 9
83 348 8
408 141 8
336 35 6
4 30 5
98 89 5
18 51 3
49 62 7
94 465 5
437 276 4
382 34 4
457 309 3
12 426 7
450 379 3
343 386 10
191 296 6
484 189 3
175 138 9
287 342 5
376 391 2
254 73 3
181 211 1
206 365 7
481 122 7
257 460 4
277 493 3
110 159 7
289 56 3
32 89 7
246 229 3
225 129 8
343 387 5
247 211 5
81 464 1
372 75 6
311 433 4
395 165 10
195 184 2
31 279 4
151 4 10
26 110 9
228 140 5
152 347 9
378 346 1
37 252 3
169 493 8
251 479 5
359 349 6
313 218 8
93 145 4
210 361 5
433 94 6
52 423 10
223 78 8
172 122 7
341 368 3
225 196 3
448 220 10
367 83 3
35 136 1
435 52 10
480 193 2
14 111 2
107 176 3
356 485 4
186 343 4
307 231 2
162 441 3
113 241 3
493 411 5
120 1 7
400 105 9
365 29 6
68 328 1
144 254 5
415 426 5
148 364 5
179 389 8
355 173 8
273 104 3
253 212 6
107 467 10
8 433 1
35 137 8
498 286 9
263 309 4
375 138 3
435 396 7
23 181 2
114 301 1
287 198 7
417 474 2
477 475 6
176 451 3
90 37 7
35 45 4
343 331 3
141 208 9
174 430 3
410 315 8
397 91 9
295 228 3
304 427 3
75 348 5
282 338 8
499 336 1
173 330 7
462 3 2
350 407 5
229 225 7
434 429 1
118 74 7
211 129 1
419 138 5
444 442 10
396 467 7
469 404 9
268 168 5
16 211 10
105 250 8
323 267 10
365 188 2
303 500 7
334 342 2
331 186 5
227 490 10
408 54 1
71 401 1
379 318 4
179 346 1
177 92 3
306 1 8
499 138 5
157 345 6
202 45 4
88 250 8
340 121 7
11 256 4
422 483 3
393 199 10
413 85 3
74 159 2
480 141 1
123 6 1
101 58 3
474 57 2
88 348 3
490 256 9
199 189 10
218 154 2
329 197 9
309 382 4
136 480 4
141 27 4
214 49 9
315 142 8
220 353 3
264 88 8
82 255 8
443 469 2
321 394 3
269 182 5
276 486 2
142 175 3
419 500 2
25 270 4
414 162 9
259 111 6
461 229 7
450 108 10
452 378 9
453 310 7
104 248 7
344 270 10
160 326 1
67 498 5
240 190 4
93 386 9
454 192 2
117 250 2
76 50 7
304 367 5
124 333 7
409 152 3
365 332 2
348 22 5
428 146 5
227 11 6
31 272 5
455 105 1
318 250 9
200 428 9
412 357 8
233 441 7
192 328 4
356 442 3
415 306 10
153 70 7
315 231 2
185 146 2
360 336 3
174 221 8
162 149 1
84 246 5
134 485 7
484 354 7
435 90 5
373 10 6
71 272 10
14 321 3
308 251 2
121 470 9
348 337 2
71 493 6
357 146 8
211 68 6
69 280 3
11 250 10
314 139 8
302 223 3
320 317 2
74 152 4
143 123 9
253 6 7
125 49 10
359 257 6
407 13 9
387 182 5
266 445 10
130 191 8
470 170 4
327 5 8
51 393 4
69 133 1
224 254 10
495 315 5
92 420 1
365 46 5
422 452 5
90 417 3
383 90 1
282 199 10
495 286 7
367 191 3
326 187 5
467 219 5
104 49 1
466 2 3
190 319 7
182 78 9
262 494 10
335 348 3
122 127 4
63 266 6
124 337 6
274 22 1
428 162 2
419 307 9
469 272 7
6 302 10
296 417 2
348 353 3
84 165 2
319 67 5
372 393 8
95 70 9
210 286 4
188 275 8
426 292 8
397 467 5
254 182 10
448 408 9
366 269 8
404 170 7
200 323 2
305 335 8
142 260 2
315 305 6
496 452 7
465 189 6
148 396 8
236 206 4
333 238 1
125 141 8
109 389 5
408 370 2
41 282 6
354 415 7
426 460 1
483 227 1
376 461 3
39 55 8
165 255 9
13 65 9
484 453 3
234 269 8
428 87 6
193 190 8
224 381 4
382 172 4
20 13 7
443 232 7
311 82 9
184 340 5
414 146 9
241 188 2
473 420 7
215 129 7
279 379 10
109 315 7
87 274 2
105 22 6
241 196 6
5 441 5
412 85 10
141 395 6
285 233 6
480 419 8
460 323 6
127 80 7
112 473 10
152 221 10
404 6 8
378 375 4
287 474 10
208 81 8
228 129 6
387 499 8
287 184 9
407 462 3
321 115 7
383 102 4
500 196 6
5 366 6
42 353 1
75 144 9
32 11 3
84 452 1
337 73 1
352 347 6
455 395 8
151 441 2
163 260 6
382 373 6
120 235 9
497 110 4
187 5 5
266 377 1
417 484 1
176 257 5
128 467 2
54 241 6
189 191 2
441 270 7
400 393 7
237 101 7
423 28 1
26 9 5
332 336 8
67 404 4
87 466 9
349 300 6
14 171 7
208 466 6
205 174 5
459 312 4
48 385 10
443 339 9
23 351 9
433 74 10
441 201 6
257 439 4
439 494 2
420 147 8
473 389 6
177 389 9
185 312 9
446 498 9
133 196 10
2 258 8
75 335 3
417 175 5
58 352 6
169 406 5
2 181 2
265 450 4
399 216 1
473 2 9
395 410 7
73 112 5
463 68 3
350 287 5
200 69 9
364 128 10
76 217 3
414 204 2
16 214 6
154 118 8
199 438 5
418 173 10
110 341 6
394 171 7
274 19 7
122 321 10
281 431 2
240 379 2
330 70 6
408 291 4
468 267 10
115 287 5
161 258 8
353 187 2
113 500 5
366 44 2
50 447 6
205 103 4
49 158 6
10 267 10
304 448 4
296 367 10
325 177 10
306 32 5
481 196 4
210 228 6
48 273 9
410 122 9
420 236 6
354 193 7
331 174 1
162 453 1
172 131 10
112 407 4
137 470 9
41 482 4
377 149 8
383 32 3
408 365 7
222 142 9
294 336 7
61 118 1
314 65 2
19 453 6
195 211 8
417 469 2
124 149 2
337 317 2
18 206 8
60 119 4
405 5 10
163 190 8
339 371 5
49 280 3
472 217 3
97 283 10
258 493 2
72 371 4
370 5 8
481 65 2
421 146 4
382 280 5
222 238 3
284 133 4
2 163 10
453 204 5
226 56 2
96 153 9
22 377 9
84 348 7
169 252 2
324 397 5
92 397 4
382 55 7
83 451 2
349 32 5
111 100 4
414 273 8
446 302 4
399 134 8
173 154 7
231 97 10
53 320 5
269 373 7
284 99 7
257 298 6
423 82 8
302 331 7
455 123 5
309 188 8
25 90 5
55 70 5
182 190 7
78 410 6
30 259 1
467 169 1
394 208 2
110 97 2
58 99 3
144 354 8
305 46 9
334 349 5
130 246 6
72 431 10
213 97 7
370 101 5
233 421 4
431 495 4
274 110 1
226 174 4
94 285 4
15 315 6
285 246 4
196 441 1
164 321 1
358 464 7
471 232 7
408 236 9
497 405 10
49 270 8
267 231 3
214 89 5
129 25 1
6 484 1
149 353 9
467 454 5
174 26 4
443 230 8
400 272 5
421 383 9
315 379 3
405 108 1
299 400 2
265 305 8
46 164 7
430 251 8
267 480 1
138 259 2
345 198 2
26 147 4
257 203 2
310 107 6
37 157 1
395 491 5
148 241 7
450 54 10
436 292 2
40 230 1
259 439 10
129 354 6
335 300 8
463 458 3
348 463 3
372 400 3
246 470 3
330 166 8
434 431 2
490 209 1
327 142 2
206 46 4
117 338 5
488 134 5
228 95 3
434 226 4
78 44 8
239 478 5
452 89 7
47 74 10
139 325 1
478 425 4
310 481 10
87 37 10
261 328 1
88 175 2
107 280 3
91 472 5
425 272 10
276 244 6
170 378 7
440 496 3
139 31 2
366 440 1
43 381 8
189 395 9
369 3 6
286 353 5
499 6 5
116 67 1
69 219 7
276 383 7
49 36 3
21 135 4
179 202 9
436 338 1
174 259 9
227 278 7
293 69 10
134 227 5
263 29 9
52 204 9
446 78 1
466 287 3
482 460 2
90 234 9
444 452 7
234 385 7
354 378 9
400 84 10
266 107 1
492 295 9
487 284 5
142 415 6
298 478 6
472 16 5
81 376 4
9 72 4
443 263 2
467 119 4
307 205 10
243 475 2
133 88 2
14 66 7
348 101 2
391 11 10
97 364 7
127 241 3
351 492 2
282 123 4
85 488 6
494 34 1
312 23 6
292 34 10
331 229 10
117 303 9
405 63 1
332 144 7
88 363 9
214 374 3
55 257 7
481 496 6
383 268 9
292 35 3
166 131 6
136 408 9
10 58 8
451 117 10
194 351 9
121 294 1
399 415 10
57 95 6
466 310 7
8 226 7
175 378 6
473 353 5
21 429 6
268 110 1
74 82 4
152 258 6
8 495 2
446 473 2
61 351 2
243 370 8
350 188 2
468 16 5
414 452 3
319 461 2
343 252 3
165 69 10
240 157 9
363 490 6
148 284 3
367 138 6
130 408 6
387 69 1
48 87 10
493 425 1
319 432 10
122 114 8
112 391 2
273 409 8
431 439 5
47 12 8
13 408 5
494 109 9
246 486 5
340 368 6
197 216 10
292 307 3
168 155 7
180 471 2
53 317 9
315 104 10
147 275 9
435 482 6
394 261 1
91 449 9
466 142 9
330 98 5
243 382 1
207 298 9
302 206 9
288 93 8
459 269 4
128 259 1
456 491 1
208 245 9
30 266 8
221 24 2
25 72 8
271 78 6
101 241 8
323 286 3
313 208 9
138 312 6
124 357 6
188 486 8
473 468 6
110 378 5
61 322 3
100 428 6
384 229 8
446 232 6
225 456 8
124 191 10
187 386 9
347 275 4
403 32 10
413 165 4
480 279 2
391 256 3
81 258 5
457 362 10
21 406 10
240 130 7
269 10 10
96 324 5
188 250 5
333 246 1
472 439 4
246 302 4
296 41 8
277 451 3
315 144 7
394 318 3
166 413 10
234 304 2
29 410 3
153 141 7
456 43 8
204 14 3
301 228 8
72 90 10
70 353 1
372 42 10
245 85 8
284 131 10
37 150 6
374 264 1
185 308 4
202 281 7
193 486 4
161 227 9
287 86 6
201 284 6
265 117 5
248 382 6
295 454 6
94 70 7
404 282 6
25 475 1
400 362 5
123 445 10
221 281 2
320 230 6
387 449 1
232 53 9
292 115 7
205 121 4
426 317 8
259 143 10
225 203 9
310 177 5
6 200 2
457 287 9
198 172 7
231 139 2
168 64 6
45 198 2
344 310 7
415 369 4
387 363 3
325 369 10
464 232 2
85 397 3
457 142 6
151 478 6
2 442 7
315 450 6
20 206 7
350 438 4
65 169 6
10 383 4
384 454 7
452 149 9
189 164 8
201 110 1
117 2 3
364 156 9
280 467 6
358 254 10
457 210 10
383 79 8
317 1 3
293 174 3
198 423 6
98 1 9
205 159 7
463 371 10
46 177 10
401 348 7
177 400 3
82 221 1
31 166 5
43 497 7
113 61 7
440 20 6
354 160 4
435 212 5
399 138 3
205 234 8
302 94 6
351 254 1
94 468 7
449 332 8
205 349 5
1 337 8
275 452 3
116 110 7
75 209 7
139 415 7
337 378 3
494 158 2
193 263 8
101 397 5
163 312 10
1 404 3
468 370 10
363 429 5
220 308 2
486 341 4
122 399 8
170 248 1
127 19 7
122 163 4
262 393 1
370 100 9
407 497 10
464 257 8
318 429 10
478 361 1
133 342 4
460 332 2
73 361 7
345 66 8
137 159 5
434 221 7
18 323 10
344 417 9
97 206 1
337 464 4
263 94 7
252 302 7
174 419 2
408 283 7
141 133 3
72 263 1
177 77 10
42 148 2
232 253 3
459 378 8
58 117 9
484 177 5
225 397 7
285 73 9
175 108 1
497 8 7
177 54 3
397 332 8
474 394 6
499 245 4
320 432 3
374 244 4
109 170 4
319 155 6
83 138 5
203 103 1
53 234 7
2 131 7
436 266 5
22 248 8
360 196 2
485 124 8
98 159 9
440 431 9
493 352 9
324 183 3
185 37 5
422 103 5
10 288 10
23 398 6
267 397 5
228 431 10
287 278 5
477 419 10
75 171 5
62 452 3
452 270 8
118 259 8
500 25 2
72 171 3
57 185 7
436 463 8
467 248 1
134 234 7
389 464 5
356 467 3
41 261 2
439 198 1
304 428 4
343 204 8
83 231 5
235 319 8
32 350 10
382 197 1
204 152 8
453 90 3
54 359 2
7 320 2
283 255 3
108 457 9
231 15 8
408 101 9
2 500 5
371 7 9
154 53 5
190 155 7
448 111 4
447 480 10
171 121 7
296 442 2
303 476 5
152 25 7
456 49 4
93 34 1
472 70 10
130 159 6
81 317 5
344 326 10
203 116 7
257 296 5
495 397 5
347 418 10
213 99 7
456 95 6
385 281 9
96 415 7
243 204 8
269 480 1
194 375 6
400 488 6
222 130 9
261 462 5
416 191 1
151 328 3
169 279 7
357 491 9
492 235 6
38 336 7
62 194 2
220 239 2
149 58 6
360 328 4
123 306 5
89 495 9
353 186 2
14 143 7
147 114 10
255 23 1
425 247 9
328 452 5
198 329 3
206 163 2
224 422 6
461 366 10
147 24 1
350 172 2
85 326 10
296 284 7
281 54 6
156 427 6
320 169 3
364 282 10
475 486 1
86 313 10
25 249 1
137 183 10
124 246 4
423 286 6
203 302 10
23 330 3
183 24 10
122 392 2
78 464 4
433 246 9
188 428 8
44 25 10
276 349 6
162 37 8
143 152 7
59 189 10
477 58 5
78 313 3
102 358 2
463 106 5
496 106 10
347 474 9
447 473 4
121 113 10
491 266 9
309 498 5
408 63 10
307 349 7
250 401 7
422 214 5
107 130 3
4 478 6
62 416 5
373 48 1
327 175 5
444 79 6
126 11 8
418 252 6
67 330 4
315 75 10
241 36 1
85 15 7
362 484 2
142 473 9
258 22 7
177 129 7
212 23 5
280 411 7
464 176 8
361 202 5
486 314 5
42 186 6
228 450 3
139 235 8
330 486 6
29 463 4
359 208 9
394 59 9
1 231 3
330 454 3
118 350 6
385 484 9
216 96 3
197 232 8
20 52 2
78 324 1
151 181 2
182 13 10
91 133 7
313 25 5
59 358 5
7 32 10
137 419 9
276 214 9
318 170 9
89 329 8
381 184 7
155 272 3
58 291 4
429 145 3
309 148 6
315 57 5
218 109 8
15 194 3
111 312 10
483 188 9
17 369 8
191 24 10
361 22 8
322 357 10
478 270 3
465 107 7
2 281 7
438 372 10
60 376 4
189 79 2
417 478 6
249 221 2
302 289 10
244 4 8
273 137 5
147 223 4
221 193 10
392 329 6
479 487 4
392 374 1
6 364 3
38 485 2
39 144 10
317 453 8
62 383 4
172 46 7
287 19 7
310 168 9
191 305 6
295 441 4
103 285 10
123 485 10
230 84 5
211 47 7
151 376 4
465 190 8
154 210 3
70 423 8
146 36 6
160 12 8
357 229 6
493 297 7
393 365 7
12 398 9
187 475 6
12 127 8
444 265 2
363 285 8
82 321 10
440 189 2
289 4 5
6 118 4
393 116 10
352 5 2
101 481 6
113 38 9
249 28 8
470 396 5
400 26 2
250 335 3
160 283 7
240 205 1
75 474 1
429 307 3
457 376 1
317 266 9
144 270 6
120 67 10
485 279 4
193 94 1
196 369 4
483 209 9
483 246 10
178 91 8
406 297 7
386 293 6
54 230 3
18 490 4
306 328 5
225 453 2
314 469 5
276 112 4
231 345 2
394 113 2
280 47 6
173 454 2
36 361 7
80 428 4
210 372 2
456 149 10
27 350 4
441 492 1
12 8 3
269 263 10
146 403 4
413 120 1
219 184 3
430 255 6
212 224 10
225 406 10
208 329 10
258 384 8
42 190 3
388 262 8
135 1 3
70 58 7
22 16 8
270 470 5
126 220 6
443 126 10
86 416 6
392 50 4
255 244 5
28 52 2
114 422 4
90 439 8
465 219 8
136 140 8
43 379 3
385 378 2
383 63 4
165 373 1
54 277 3
93 85 6
100 247 9
152 395 6
20 49 10
445 171 10
43 146 7
256 82 4
490 225 3
219 267 4
189 298 8
172 209 10
175 262 6
103 127 8
32 284 1
100 185 9
366 470 8
161 439 8
35 429 3
222 334 8
17 486 4
372 417 1
301 200 2
341 495 1
308 239 6
199 157 2
305 86 2
177 424 7
223 237 7
293 286 6
230 100 3
51 187 9
253 297 5
93 395 10
420 338 9
10 42 5
106 287 1
203 40 4
6 196 10
293 60 8
3 73 5
19 79 8
349 441 7
441 202 8
129 291 3
306 83 5
245 496 1
27 360 4
138 96 3
90 396 5
307 400 4
344 122 5
231 90 1
37 330 3
151 124 9
389 70 4
311 76 10
391 57 4
56 237 7
160 26 7
148 199 3
343 422 7
53 342 7
235 455 8
256 491 6
152 287 6
28 266 9
348 241 9
354 367 3
248 349 4
85 336 3
154 230 4
201 397 7
154 144 8
333 32 6
110 49 4
215 93 3
220 331 10
168 365 3
116 153 10
403 279 1
150 401 6
340 126 1
160 189 8
313 185 5
124 400 7
400 41 8
351 326 2
88 277 6
255 363 2
228 225 10
33 166 5
455 434 5
436 412 1
290 93 10
370 426 4
376 431 5
436 148 6
72 21 7
195 164 4
422 209 3
149 158 8
406 241 4
170 302 3
50 209 9
129 158 8
8 128 4
432 358 2
50 220 3
68 447 1
138 268 1
443 119 8
74 60 3
88 155 6
212 437 3
72 213 4
101 38 5
322 480 2
403 422 2
65 98 6
177 343 1
420 363 10
376 96 5
245 212 5
205 405 1
68 30 1
155 285 2
87 489 2
486 247 7
467 321 9
287 305 3
408 79 1
89 301 2
7 181 4
440 6 8
315 308 4
357 459 2
85 279 7
196 251 9
261 283 4
2 225 2
2 377 1
220 71 3
180 389 4
384 95 6
121 97 8
244 130 8
161 414 9
355 12 3
221 167 3
494 79 9
239 358 8
145 485 10
55 32 8
221 330 4
445 454 8
263 1 10
278 15 6
166 105 4
316 380 8
473 339 9
236 277 8
399 157 5
175 185 5
362 282 2
178 37 6
41 425 5
233 231 8
72 189 1
291 206 2
247 313 2
12 452 2
284 251 1
424 209 6
113 299 2
438 271 1
10 241 6
371 299 4
290 3 3
433 153 7
83 446 4
45 5 3
310 218 5
38 492 10
209 407 7
115 156 5
295 285 9
255 123 2
48 424 9
253 199 4
341 228 7
440 67 1
461 464 4
355 500 9
11 24 7
148 195 3
8 219 1
402 420 8
205 428 8
80 295 7
464 50 8
61 81 2
255 41 5
458 3 4
119 345 6
238 500 6
148 26 2
131 344 6
417 229 7
493 326 10
40 282 2
383 241 2
463 111 10
71 470 1
115 171 9
216 30 5
257 299 5
356 237 6
268 442 3
204 318 2
98 419 1
320 232 3
27 485 10
41 238 4
87 403 1
356 62 8
78 463 10
285 250 2
403 425 3
430 349 6
366 302 8
170 160 8
413 479 5
211 109 4
284 297 7
11 377 5
277 39 6
300 206 7
225 278 2
497 51 9
214 384 2
183 475 3
179 233 9
432 457 9
279 451 7
62 371 5
98 86 5
357 87 2
268 147 4
42 476 6
72 284 6
235 336 1
66 58 2
28 384 10
272 496 9
347 379 7
189 240 4
152 55 10
206 24 8
106 230 7
405 381 9
404 486 10
102 47 10
219 440 4
43 423 5
145 452 7
259 380 7
427 387 10
320 81 4
403 204 3
158 410 10
183 14 1
177 432 6
472 100 6
196 347 6
342 262 5
116 128 1
324 123 7
397 355 1
247 426 1
282 158 5
106 169 4
488 416 9
489 255 4
481 500 4
286 303 8
277 420 1
483 386 4
6 4 1
111 456 3
399 41 5
391 213 8
398 44 8
432 139 6
240 69 10
458 412 4
299 53 6
468 237 1
474 438 3
16 418 9
310 101 8
356 387 1
357 395 10
468 68 10
284 143 2
188 378 6
157 116 9
494 288 3
25 415 10
181 25 6
64 154 4
93 485 7
272 110 1
280 437 9
301 256 8
192 488 2
315 274 8
123 254 5
158 326 10
11 398 7
307 200 2
320 296 5
343 165 1
351 167 9
192 157 1
43 171 6
100 281 8
174 299 7
342 387 4
479 188 1
119 104 8
256 171 1
14 211 5
386 472 7
350 327 9
445 224 3
498 10 8
292 199 5
204 219 3
91 294 7
131 354 10
396 221 8
28 107 6
387 500 6
134 111 8
291 420 9
412 258 2
236 80 4
81 364 10
267 184 6
207 229 9
452 301 5
256 499 1
497 14 8
249 256 5
424 78 7
89 260 7
336 107 4
112 86 9
411 96 1
310 120 5
83 94 8
311 365 10
76 289 2
196 110 10
33 209 2
415 159 7
374 399 4
139 178 10
26 244 9
407 94 3
295 291 4
82 426 1
164 284 4
34 318 9
124 269 6
156 301 5
152 428 4
404 436 3
464 379 5
423 460 8
28 418 8
193 274 5
483 230 9
485 75 7
74 226 3
284 83 6
451 15 2
74 311 10
159 76 5
184 51 1
2 298 8
14 450 1
354 34 6
4 366 4
24 1 6
334 314 6
50 183 3
309 445 1
55 406 9
480 111 6
158 125 8
449 298 2
100 272 6
312 363 3
368 259 3
93 101 6
242 436 9
437 490 3
480 327 2
68 224 3
320 213 9
98 441 6
297 433 1
174 350 8
30 427 4
219 185 1
198 234 4
127 151 6
8 411 5
45 3 9
202 368 7
110 187 9
200 16 6
202 170 9
189 175 1
379 5 1
231 477 7
23 239 8
332 500 9
382 307 3
138 480 5
113 120 6
34 294 2
459 412 9
499 382 7
438 319 3
231 50 3
282 466 2
260 225 2
403 222 3
223 228 10
432 481 10
318 113 9
346 123 1
446 481 5
417 438 1
178 135 7
61 413 5
397 404 8
289 419 10
148 329 1
150 304 6
273 121 1
461 108 6
319 79 10
407 390 8
189 112 2
474 442 2
204 369 1
274 366 9
362 112 5
276 419 7
124 84 2
211 313 7
381 204 6
358 345 5
413 33 2
206 81 6
158 388 7
149 354 4
310 452 4
208 433 6
105 298 5
441 121 10
31 459 9
22 13 8
256 19 1
340 320 7
27 364 2
57 364 9
330 326 4
124 118 2
224 50 1
477 366 10
362 129 8
498 475 4
395 466 6
118 131 6
55 261 8
284 207 3
97 483 2
108 292 7
332 334 4
236 129 6
325 135 8
272 375 7
199 240 6
445 124 9
6 292 9
446 290 8
430 401 3
49 425 9
341 60 7
374 409 4
309 397 4
41 129 10
481 53 2
99 206 10
41 345 9
295 313 6
7 75 9
52 323 5
296 178 5
99 411 1
65 16 1
311 19 2
487 271 2
96 277 7
292 257 3
59 361 9
217 373 10
156 328 4
271 67 2
232 242 10
103 181 7
79 423 5
56 266 4
127 458 4
180 252 5
493 480 5
207 75 8
459 425 3
402 119 6
235 169 9
82 251 3
213 120 3
121 371 3
140 145 8
478 172 3
198 29 4
236 481 3
327 103 3
69 4 4
132 395 10
80 346 4
291 348 7
260 202 3
487 428 5
428 229 1
318 105 3
60 327 2
71 357 9
114 235 6
215 101 6
15 90 1
9 492 4
137 186 6
478 287 1
231 170 1
223 471 5
396 390 6
401 355 10
431 371 10
7 381 9
223 460 7
172 163 4
76 497 4
348 429 1
145 412 4
449 288 7
484 279 1
39 423 6
233 444 8
467 52 8
119 53 2
212 194 6
320 286 5
439 308 10
213 79 10
25 408 8
125 485 8
339 169 9
486 140 1
373 241 10
471 315 4
182 98 5
87 376 9
86 433 9
478 237 9
56 196 8
185 455 10
255 383 10
291 372 10
180 429 2
133 11 10
72 429 5
229 317 3
481 214 6
208 173 6
212 64 2
492 244 4
141 252 3
324 17 7
69 398 7
473 461 5
227 216 9
47 105 9
51 490 2
107 216 8
498 162 6
352 241 4
335 388 8
288 133 5
120 400 1
327 446 2
12 84 4
131 483 5
151 101 9
373 381 9
354 477 4
487 222 8
302 407 6
108 327 9
389 317 7
449 413 10
472 492 5
239 323 5
324 264 6
305 291 1
406 121 4
483 228 5
116 319 5
218 286 9
328 238 8
182 438 1
338 357 9
374 43 7
461 489 2
107 460 7
198 281 3
412 488 7
195 165 5
353 37 2
286 244 9
273 310 7
50 277 4
233 345 2
89 28 5
129 233 10
430 481 3
475 275 10
160 217 5
221 360 5
9 451 7
181 163 6
42 52 8
173 1 9
1 222 10
439 7 10
143 255 2
108 342 8
170 419 10
173 488 5
453 200 5
179 77 1
230 252 8
138 126 3
442 446 7
491 194 7
262 415 5
267 26 4
319 255 1
56 435 1
80 26 10
85 457 2
168 375 9
86 315 2
477 175 6
457 442 1
351 337 4
419 191 4
479 116 9
413 10 9
209 80 2
140 432 4
118 25 9
78 336 6
388 36 8
384 54 2
377 51 7
75 109 7
85 440 2
186 171 2
258 349 7
193 306 2
370 313 9
252 243 9
250 113 4
3 241 2
462 455 7
16 413 3
57 11 5
318 493 1
366 471 5
50 452 10
211 97 5
468 40 5
283 189 3
61 240 1
466 110 6
372 50 4
77 442 6
54 432 1
400 22 2
18 29 4
294 240 7
174 207 6
392 168 5
168 461 3
266 95 3
327 319 9
110 25 5
214 238 3
199 86 9
432 413 8
406 259 4
191 228 3
34 121 1
68 398 1
419 130 5
238 81 2
92 486 9
480 413 3
194 340 4
479 271 4
359 405 3
53 99 5
346 124 6
371 449 3
226 289 5
292 464 10
83 242 4
359 239 2
408 35 6
316 71 3
177 97 8
238 61 2
186 463 2
62 417 6
171 310 6
11 487 6
183 289 7
289 147 7
13 268 2
237 347 8
296 376 10
485 173 4
305 184 2
156 482 10
275 90 6
304 348 1
480 23 3
163 458 2
122 213 6
445 38 2
114 93 4
13 305 3
76 105 4
451 207 2
249 113 10
350 491 3
337 284 1
265 402 7
405 354 10
93 466 10
282 167 10
87 81 4
428 111 9
2 147 8
493 323 6
356 106 9
477 265 10
382 253 6
276 76 8
206 142 5
378 444 9
314 339 4
223 187 3
296 473 5
138 447 6
415 117 10
381 498 4
59 226 7
383 70 5
190 128 10
34 236 2
400 261 7
276 103 8
432 371 1
117 448 6
134 63 7
175 209 7
242 254 2
481 302 7
121 59 10
207 74 5
52 137 1
437 70 8
281 366 10
209 445 7
104 459 6
388 255 6
65 174 4
301 201 2
23 102 3
48 229 4
400 231 6
266 252 5
187 201 6
58 160 4
469 388 2
67 110 8
193 290 5
120 170 8
264 68 8
240 242 6
37 464 7
22 343 7
209 116 6
300 396 6
441 243 4
211 6 4
319 109 8
383 56 9
404 361 7
71 356 2
301 213 8
182 47 1
417 86 9
206 344 8
469 478 3
159 101 1
175 226 1
485 108 5
106 458 10
91 194 4
396 86 3
463 44 5
302 265 6
102 453 2
227 448 6
322 45 6

