100 150
11
1 2 8
2 3 4
3 4 5
4 5 8
5 6 5
6 7 9
7 8 5
8 9 1
9 10 9
10 11 6
11 12 1
12 13 8
13 14 9
14 15 10
15 16 5
16 17 1
17 18 1
18 19 6
19 20 4
20 21 4
21 22 9
22 23 9
23 24 1
24 25 9
25 26 6
26 27 4
27 28 2
28 29 7
29 30 10
30 31 1
31 32 7
32 33 5
33 34 10
34 35 8
35 36 5
36 37 8
37 38 6
38 39 1
39 40 7
40 41 5
41 42 7
42 43 2
43 44 10
44 45 3
45 46 4
46 47 5
47 48 4
48 49 4
49 50 7
50 51 1
51 52 1
52 53 4
53 54 8
54 55 8
55 56 3
56 57 10
57 58 1
58 59 6
59 60 4
60 61 4
61 62 4
62 63 6
63 64 6
64 65 1
65 66 2
66 67 8
67 68 10
68 69 3
69 70 7
70 71 7
71 72 6
72 73 9
73 74 6
74 75 9
75 76 6
76 77 5
77 78 10
78 79 10
79 80 8
80 81 7
81 82 10
82 83 2
83 84 7
84 85 7
85 86 5
86 87 7
87 88 4
88 89 3
89 90 7
90 91 5
91 92 7
92 93 2
93 94 6
94 95 8
95 96 8
96 97 6
97 98 3
98 99 8
99 100 4
17 87 7
62 93 2
72 92 2
43 11 1
81 40 5
19 35 1
32 88 4
36 29 6
32 14 2
40 46 10
29 8 10
95 84 9
19 28 2
11 40 6
59 11 5
80 68 5
8 35 10
93 6 10
73 3 4
7 36 6
89 34 4
71 10 5
83 87 4
24 57 1
52 94 2
23 41 6
88 79 1
70 82 2
46 50 6
30 13 9
79 3 2
10 12 10
28 44 9
64 83 2
20 65 5
40 12 2
93 41 8
76 14 6
69 42 5
20 39 9
83 54 8
30 8 9
70 58 1
86 47 8
44 84 9
43 12 7
20 28 8
48 63 8
18 54 6
49 10 6
32 39 6

