1000 10000
72
1 2 8
2 3 2
3 4 2
4 5 1
5 6 7
6 7 6
7 8 1
8 9 6
9 10 1
10 11 2
11 12 9
12 13 2
13 14 8
14 15 5
15 16 1
16 17 2
17 18 5
18 19 5
19 20 10
20 21 10
21 22 7
22 23 3
23 24 7
24 25 8
25 26 3
26 27 8
27 28 1
28 29 9
29 30 8
30 31 8
31 32 2
32 33 8
33 34 2
34 35 6
35 36 3
36 37 10
37 38 6
38 39 6
39 40 1
40 41 7
41 42 5
42 43 9
43 44 5
44 45 6
45 46 2
46 47 5
47 48 6
48 49 5
49 50 5
50 51 3
51 52 2
52 53 3
53 54 10
54 55 4
55 56 3
56 57 9
57 58 8
58 59 4
59 60 7
60 61 2
61 62 7
62 63 1
63 64 8
64 65 2
65 66 2
66 67 9
67 68 9
68 69 4
69 70 1
70 71 10
71 72 6
72 73 1
73 74 4
74 75 9
75 76 5
76 77 1
77 78 1
78 79 4
79 80 3
80 81 4
81 82 7
82 83 3
83 84 6
84 85 5
85 86 1
86 87 9
87 88 1
88 89 7
89 90 2
90 91 9
91 92 7
92 93 10
93 94 7
94 95 10
95 96 10
96 97 7
97 98 1
98 99 10
99 100 3
100 101 4
101 102 6
102 103 7
103 104 9
104 105 2
105 106 3
106 107 4
107 108 3
108 109 9
109 110 4
110 111 3
111 112 4
112 113 10
113 114 10
114 115 8
115 116 4
116 117 2
117 118 8
118 119 10
119 120 3
120 121 7
121 122 6
122 123 9
123 124 3
124 125 8
125 126 2
126 127 4
127 128 5
128 129 4
129 130 8
130 131 2
131 132 10
132 133 10
133 134 10
134 135 8
135 136 5
136 137 9
137 138 8
138 139 9
139 140 2
140 141 2
141 142 10
142 143 7
143 144 1
144 145 1
145 146 8
146 147 2
147 148 1
148 149 5
149 150 2
150 151 3
151 152 7
152 153 9
153 154 9
154 155 4
155 156 1
156 157 5
157 158 1
158 159 8
159 160 8
160 161 1
161 162 9
162 163 7
163 164 5
164 165 6
165 166 5
166 167 9
167 168 6
168 169 10
169 170 5
170 171 9
171 172 8
172 173 4
173 174 8
174 175 7
175 176 8
176 177 6
177 178 10
178 179 6
179 180 8
180 181 3
181 182 6
182 183 6
183 184 10
184 185 3
185 186 8
186 187 2
187 188 3
188 189 1
189 190 8
190 191 5
191 192 1
192 193 9
193 194 4
194 195 7
195 196 7
196 197 2
197 198 1
198 199 9
199 200 9
200 201 8
201 202 7
202 203 2
203 204 5
204 205 5
205 206 2
206 207 5
207 208 2
208 209 3
209 210 4
210 211 10
211 212 4
212 213 5
213 214 4
214 215 7
215 216 4
216 217 1
217 218 10
218 219 3
219 220 6
220 221 5
221 222 7
222 223 1
223 224 4
224 225 1
225 226 9
226 227 1
227 228 6
228 229 8
229 230 9
230 231 5
231 232 6
232 233 10
233 234 8
234 235 7
235 236 9
236 237 9
237 238 1
238 239 9
239 240 4
240 241 10
241 242 5
242 243 5
243 244 6
244 245 9
245 246 3
246 247 4
247 248 9
248 249 5
249 250 6
250 251 4
251 252 1
252 253 9
253 254 1
254 255 9
255 256 5
256 257 10
257 258 7
258 259 6
259 260 4
260 261 1
261 262 10
262 263 9
263 264 4
264 265 1
265 266 1
266 267 10
267 268 10
268 269 2
269 270 6
270 271 6
271 272 2
272 273 7
273 274 9
274 275 5
275 276 1
276 277 4
277 278 10
278 279 6
279 280 1
280 281 3
281 282 1
282 283 6
283 284 1
284 285 6
285 286 7
286 287 2
287 288 9
288 289 7
289 290 9
290 291 2
291 292 10
292 293 10
293 294 10
294 295 2
295 296 6
296 297 2
297 298 2
298 299 3
299 300 1
300 301 7
301 302 7
302 303 6
303 304 9
304 305 6
305 306 4
306 307 5
307 308 7
308 309 10
309 310 5
310 311 7
311 312 8
312 313 9
313 314 4
314 315 5
315 316 5
316 317 3
317 318 4
318 319 2
319 320 5
320 321 7
321 322 9
322 323 2
323 324 2
324 325 9
325 326 7
326 327 9
327 328 1
328 329 9
329 330 8
330 331 5
331 332 7
332 333 8
333 334 1
334 335 10
335 336 3
336 337 7
337 338 6
338 339 6
339 340 9
340 341 3
341 342 6
342 343 7
343 344 4
344 345 6
345 346 9
346 347 6
347 348 7
348 349 5
349 350 10
350 351 2
351 352 8
352 353 2
353 354 5
354 355 4
355 356 5
356 357 5
357 358 6
358 359 7
359 360 5
360 361 7
361 362 6
362 363 5
363 364 1
364 365 8
365 366 8
366 367 7
367 368 6
368 369 10
369 370 2
370 371 7
371 372 2
372 373 10
373 374 3
374 375 5
375 376 3
376 377 9
377 378 3
378 379 5
379 380 7
380 381 6
381 382 6
382 383 9
383 384 4
384 385 10
385 386 7
386 387 8
387 388 10
388 389 2
389 390 3
390 391 2
391 392 6
392 393 4
393 394 4
394 395 10
395 396 3
396 397 8
397 398 8
398 399 6
399 400 1
400 401 6
401 402 5
402 403 3
403 404 6
404 405 6
405 406 6
406 407 9
407 408 5
408 409 2
409 410 10
410 411 5
411 412 1
412 413 3
413 414 2
414 415 4
415 416 1
416 417 4
417 418 4
418 419 3
419 420 1
420 421 3
421 422 4
422 423 2
423 424 9
424 425 2
425 426 10
426 427 6
427 428 4
428 429 8
429 430 2
430 431 5
431 432 7
432 433 1
433 434 3
434 435 7
435 436 6
436 437 3
437 438 5
438 439 10
439 440 7
440 441 1
441 442 5
442 443 3
443 444 2
444 445 10
445 446 8
446 447 8
447 448 3
448 449 1
449 450 5
450 451 1
451 452 4
452 453 7
453 454 5
454 455 6
455 456 1
456 457 8
457 458 6
458 459 8
459 460 2
460 461 7
461 462 2
462 463 8
463 464 5
464 465 2
465 466 1
466 467 2
467 468 5
468 469 7
469 470 2
470 471 10
471 472 2
472 473 8
473 474 6
474 475 5
475 476 4
476 477 8
477 478 7
478 479 10
479 480 7
480 481 10
481 482 8
482 483 8
483 484 6
484 485 7
485 486 3
486 487 6
487 488 7
488 489 3
489 490 4
490 491 7
491 492 5
492 493 9
493 494 6
494 495 9
495 496 4
496 497 8
497 498 6
498 499 10
499 500 10
500 501 9
501 502 9
502 503 7
503 504 3
504 505 6
505 506 5
506 507 10
507 508 4
508 509 5
509 510 2
510 511 8
511 512 4
512 513 10
513 514 10
514 515 5
515 516 6
516 517 7
517 518 1
518 519 4
519 520 3
520 521 7
521 522 9
522 523 1
523 524 2
524 525 9
525 526 8
526 527 5
527 528 6
528 529 2
529 530 8
530 531 4
531 532 9
532 533 1
533 534 9
534 535 9
535 536 6
536 537 7
537 538 6
538 539 4
539 540 4
540 541 5
541 542 1
542 543 5
543 544 7
544 545 2
545 546 6
546 547 3
547 548 10
548 549 7
549 550 7
550 551 3
551 552 4
552 553 9
553 554 3
554 555 7
555 556 1
556 557 6
557 558 5
558 559 1
559 560 9
560 561 3
561 562 4
562 563 4
563 564 7
564 565 4
565 566 6
566 567 5
567 568 4
568 569 7
569 570 6
570 571 3
571 572 8
572 573 1
573 574 9
574 575 4
575 576 5
576 577 5
577 578 8
578 579 1
579 580 8
580 581 7
581 582 2
582 583 1
583 584 10
584 585 3
585 586 8
586 587 8
587 588 7
588 589 9
589 590 7
590 591 6
591 592 2
592 593 3
593 594 5
594 595 1
595 596 6
596 597 9
597 598 9
598 599 8
599 600 2
600 601 6
601 602 9
602 603 10
603 604 2
604 605 5
605 606 6
606 607 5
607 608 8
608 609 7
609 610 9
610 611 2
611 612 5
612 613 4
613 614 7
614 615 6
615 616 10
616 617 1
617 618 10
618 619 9
619 620 7
620 621 4
621 622 5
622 623 1
623 624 5
624 625 9
625 626 1
626 627 3
627 628 5
628 629 10
629 630 2
630 631 8
631 632 1
632 633 9
633 634 6
634 635 1
635 636 4
636 637 7
637 638 5
638 639 7
639 640 9
640 641 3
641 642 10
642 643 7
643 644 2
644 645 10
645 646 1
646 647 8
647 648 10
648 649 1
649 650 1
650 651 8
651 652 2
652 653 5
653 654 1
654 655 9
655 656 2
656 657 5
657 658 4
658 659 3
659 660 5
660 661 5
661 662 2
662 663 5
663 664 10
664 665 3
665 666 4
666 667 7
667 668 6
668 669 9
669 670 1
670 671 5
671 672 6
672 673 3
673 674 10
674 675 10
675 676 1
676 677 2
677 678 9
678 679 4
679 680 2
680 681 9
681 682 8
682 683 7
683 684 3
684 685 2
685 686 5
686 687 3
687 688 3
688 689 8
689 690 1
690 691 9
691 692 8
692 693 8
693 694 8
694 695 3
695 696 8
696 697 5
697 698 4
698 699 9
699 700 1
700 701 4
701 702 6
702 703 5
703 704 4
704 705 9
705 706 8
706 707 2
707 708 9
708 709 6
709 710 10
710 711 2
711 712 6
712 713 4
713 714 7
714 715 5
715 716 1
716 717 5
717 718 4
718 719 3
719 720 2
720 721 4
721 722 10
722 723 6
723 724 3
724 725 6
725 726 3
726 727 3
727 728 5
728 729 2
729 730 7
730 731 10
731 732 3
732 733 2
733 734 6
734 735 8
735 736 2
736 737 2
737 738 7
738 739 1
739 740 3
740 741 5
741 742 4
742 743 6
743 744 1
744 745 10
745 746 5
746 747 1
747 748 4
748 749 6
749 750 10
750 751 1
751 752 4
752 753 6
753 754 10
754 755 2
755 756 7
756 757 9
757 758 1
758 759 10
759 760 1
760 761 7
761 762 4
762 763 2
763 764 7
764 765 3
765 766 9
766 767 2
767 768 3
768 769 6
769 770 1
770 771 9
771 772 8
772 773 7
773 774 10
774 775 8
775 776 2
776 777 8
777 778 9
778 779 8
779 780 1
780 781 5
781 782 4
782 783 6
783 784 7
784 785 7
785 786 3
786 787 5
787 788 8
788 789 4
789 790 7
790 791 4
791 792 4
792 793 5
793 794 6
794 795 7
795 796 10
796 797 1
797 798 10
798 799 8
799 800 9
800 801 3
801 802 2
802 803 5
803 804 7
804 805 9
805 806 5
806 807 10
807 808 3
808 809 4
809 810 3
810 811 9
811 812 4
812 813 1
813 814 7
814 815 5
815 816 9
816 817 9
817 818 8
818 819 4
819 820 4
820 821 6
821 822 10
822 823 5
823 824 5
824 825 10
825 826 3
826 827 4
827 828 8
828 829 6
829 830 10
830 831 10
831 832 10
832 833 6
833 834 9
834 835 6
835 836 7
836 837 9
837 838 4
838 839 6
839 840 9
840 841 7
841 842 3
842 843 8
843 844 8
844 845 10
845 846 8
846 847 7
847 848 10
848 849 8
849 850 8
850 851 1
851 852 4
852 853 5
853 854 10
854 855 10
855 856 2
856 857 9
857 858 5
858 859 7
859 860 8
860 861 6
861 862 5
862 863 2
863 864 3
864 865 5
865 866 7
866 867 3
867 868 2
868 869 8
869 870 2
870 871 4
871 872 4
872 873 1
873 874 6
874 875 7
875 876 6
876 877 2
877 878 9
878 879 5
879 880 5
880 881 5
881 882 2
882 883 5
883 884 2
884 885 8
885 886 8
886 887 6
887 888 3
888 889 6
889 890 4
890 891 3
891 892 4
892 893 9
893 894 1
894 895 7
895 896 6
896 897 3
897 898 1
898 899 8
899 900 4
900 901 6
901 902 5
902 903 1
903 904 2
904 905 9
905 906 10
906 907 9
907 908 7
908 909 8
909 910 10
910 911 10
911 912 8
912 913 10
913 914 5
914 915 9
915 916 5
916 917 5
917 918 9
918 919 6
919 920 6
920 921 4
921 922 1
922 923 1
923 924 7
924 925 7
925 926 4
926 927 9
927 928 10
928 929 9
929 930 9
930 931 5
931 932 5
932 933 1
933 934 7
934 935 7
935 936 8
936 937 3
937 938 4
938 939 5
939 940 1
940 941 4
941 942 5
942 943 8
943 944 1
944 945 1
945 946 9
946 947 8
947 948 3
948 949 6
949 950 3
950 951 8
951 952 5
952 953 2
953 954 8
954 955 6
955 956 1
956 957 4
957 958 4
958 959 6
959 960 6
960 961 5
961 962 2
962 963 2
963 964 1
964 965 5
965 966 3
966 967 6
967 968 2
968 969 6
969 970 4
970 971 8
971 972 7
972 973 9
973 974 3
974 975 10
975 976 10
976 977 8
977 978 3
978 979 8
979 980 6
980 981 7
981 982 7
982 983 5
983 984 7
984 985 6
985 986 5
986 987 5
987 988 4
988 989 4
989 990 4
990 991 2
991 992 2
992 993 2
993 994 6
994 995 3
995 996 6
996 997 5
997 998 10
998 999 1
999 1000 7
532 121 5
865 142 10
852 445 3
543 136 5
151 910 10
479 411 10
521 197 3
657 575 3
24 262 3
202 169 6
619 279 9
824 375 2
802 292 5
28 904 7
90 998 3
225 920 3
316 906 10
346 547 4
240 564 4
903 425 8
404 650 10
334 256 8
239 162 7
378 60 4
721 856 6
285 321 2
626 921 5
884 321 3
663 142 5
675 538 7
874 561 9
206 248 1
944 356 6
795 684 5
558 361 2
986 294 9
770 963 8
317 172 2
131 621 8
320 376 5
287 733 9
309 599 1
696 451 5
768 919 4
480 392 8
284 514 6
24 133 2
305 173 1
248 237 9
698 702 9
124 608 9
733 857 1
704 152 7
114 496 1
643 56 1
156 739 5
76 968 2
379 323 1
658 999 7
436 438 2
588 509 7
611 180 9
875 121 3
751 160 4
516 358 2
103 873 2
8 442 7
852 329 9
413 20 5
977 419 7
46 544 7
716 956 5
874 130 2
499 700 4
201 850 9
692 852 10
91 18 2
787 575 9
292 146 3
705 189 1
609 173 8
262 946 8
768 475 5
978 164 3
325 854 6
810 362 4
373 360 4
855 187 8
317 823 7
777 797 7
327 763 1
134 58 1
748 184 3
801 960 5
261 107 6
878 27 5
137 513 4
205 149 7
755 520 9
970 172 4
30 279 6
370 465 5
420 55 7
82 640 5
958 246 5
846 96 7
311 619 9
247 9 6
728 513 5
17 636 7
536 112 5
151 621 4
648 587 10
549 879 4
612 870 4
272 525 10
456 547 3
846 108 3
310 788 6
836 984 8
276 157 1
387 748 3
474 754 1
837 600 1
476 390 9
890 534 1
956 786 8
836 373 9
239 569 10
504 327 9
316 257 8
637 908 5
365 509 2
659 452 1
432 179 6
653 692 8
670 885 5
224 447 9
290 183 4
908 119 2
535 903 9
793 321 3
504 627 6
609 423 10
635 951 7
197 431 4
475 195 10
910 923 2
668 913 9
898 39 6
313 426 2
9 361 9
185 223 4
587 576 6
588 710 8
805 158 9
968 38 2
231 390 8
481 312 4
591 464 6
747 715 5
773 410 5
828 485 5
274 194 7
752 443 9
166 600 10
41 36 10
332 588 4
440 629 1
310 294 6
943 273 3
86 409 10
43 967 7
399 524 6
219 229 10
264 76 8
342 97 10
46 861 4
743 721 7
716 212 4
367 5 10
744 649 7
37 347 10
513 504 7
534 228 3
124 576 8
908 913 4
427 527 8
156 75 6
867 763 9
368 384 10
927 580 8
136 929 7
374 16 10
775 880 9
65 810 3
588 963 3
47 78 2
610 65 2
714 758 3
167 721 1
826 498 9
557 12 5
863 527 9
547 369 3
350 963 4
344 795 1
927 310 8
239 878 5
6 981 10
237 459 2
610 400 10
938 186 1
917 669 10
519 718 3
951 867 9
37 389 3
29 580 6
479 451 8
386 202 5
630 207 6
434 771 8
179 120 3
455 629 6
794 803 1
221 158 4
727 537 9
881 543 9
992 310 8
488 734 4
845 967 1
185 871 2
801 355 6
358 675 4
38 359 6
604 244 6
198 81 6
117 663 2
116 301 9
757 62 9
737 384 7
263 514 4
927 71 3
378 281 6
98 704 2
833 345 5
912 714 7
247 588 4
656 802 8
18 344 10
39 793 7
819 184 4
955 989 8
666 299 8
131 935 10
245 30 3
79 312 10
905 151 5
152 694 6
946 967 9
677 894 7
752 233 8
357 724 6
938 406 8
379 899 4
834 855 6
212 20 5
993 456 7
536 119 3
365 220 5
813 267 9
107 112 5
743 112 3
858 469 10
615 20 6
964 513 4
992 418 8
871 696 3
455 806 2
56 156 7
59 851 5
779 547 4
202 142 8
942 397 5
838 917 1
223 172 3
998 518 4
546 338 5
504 44 3
40 903 2
142 807 1
159 736 5
164 290 9
599 528 5
201 961 3
720 575 5
746 854 4
168 832 5
164 499 4
856 53 9
296 762 3
740 53 9
694 880 10
132 247 9
437 754 6
234 430 4
731 828 4
423 724 3
366 824 3
409 276 3
13 874 9
767 99 1
799 538 1
767 916 10
986 989 8
825 782 7
304 59 4
173 833 2
559 542 3
674 318 4
69 507 8
426 73 6
612 307 4
695 672 9
594 978 9
584 301 7
300 1 7
142 714 8
457 303 6
965 562 7
100 543 4
320 618 8
716 142 3
6 455 7
860 585 3
779 689 8
522 779 5
805 58 5
395 918 9
161 372 10
312 134 10
856 202 5
324 407 7
593 252 1
236 701 3
864 597 8
131 474 2
421 110 10
158 71 10
845 400 7
879 617 2
359 981 10
620 839 5
576 503 7
668 135 3
599 79 1
121 603 1
792 620 5
410 75 2
690 157 4
570 818 2
965 752 3
230 427 7
219 949 5
564 592 9
259 312 1
26 329 9
689 192 3
193 404 10
518 934 7
388 265 4
685 474 5
866 124 3
773 314 1
741 165 5
250 341 10
299 541 4
249 513 6
340 797 3
840 347 10
606 614 8
587 835 1
897 36 10
135 418 2
447 491 9
395 879 5
741 377 6
380 849 10
951 164 6
213 907 6
16 108 6
938 805 3
418 532 4
209 405 7
432 286 4
360 236 10
459 384 8
18 469 3
705 820 7
79 931 5
427 969 9
130 501 9
891 641 2
43 270 1
504 367 1
526 893 9
711 413 1
279 411 2
462 460 7
868 85 3
377 862 7
886 918 4
263 285 2
807 419 8
205 1000 2
441 70 1
953 481 10
733 757 2
670 396 4
814 122 3
127 189 6
67 816 1
797 495 6
701 32 8
106 869 2
338 908 3
145 897 9
580 841 3
980 44 7
886 276 4
928 369 1
909 993 7
454 871 9
611 540 4
70 998 8
543 646 10
558 342 6
605 578 5
301 501 5
425 279 5
542 136 7
930 394 9
170 753 6
621 745 10
466 657 7
716 755 5
315 206 6
827 620 10
271 721 10
671 772 1
47 335 10
889 544 10
389 712 10
459 197 8
901 911 8
804 176 4
503 798 6
85 460 6
915 91 3
661 925 8
329 641 7
18 990 7
244 736 6
920 709 2
287 737 10
528 456 1
381 717 9
205 539 3
641 477 10
110 280 7
211 651 6
456 788 8
989 296 9
154 675 6
760 332 2
175 936 8
307 225 4
274 235 4
334 199 7
865 124 3
320 510 10
535 794 8
689 293 8
321 932 8
827 479 6
254 315 4
44 981 8
576 904 1
214 705 5
154 532 3
472 891 10
545 584 4
678 334 1
793 220 1
264 721 8
608 649 7
561 255 6
704 506 4
414 359 3
446 553 3
46 215 8
118 746 5
530 458 4
544 422 7
78 549 10
805 591 2
113 892 8
741 733 8
710 144 10
356 117 5
750 122 8
663 947 6
966 539 6
909 965 9
629 479 9
215 699 7
617 434 8
48 331 6
661 944 7
746 839 5
808 117 4
148 999 7
458 754 4
348 804 9
658 912 2
419 832 5
487 300 9
959 418 3
724 706 9
790 844 6
255 638 8
399 827 10
939 945 5
908 946 8
633 543 7
109 208 10
922 109 8
903 878 7
638 66 5
938 914 1
186 793 9
312 470 2
159 868 7
351 895 9
271 994 3
511 793 3
866 575 6
260 764 10
649 217 9
756 51 6
530 934 1
205 233 1
724 878 2
409 907 3
113 706 6
280 374 1
546 260 2
171 734 7
263 963 3
747 825 9
743 550 9
764 447 2
308 610 6
611 889 5
495 666 7
138 306 7
866 420 3
230 782 2
307 779 10
874 960 4
184 941 9
399 760 10
77 725 6
610 877 3
52 87 9
16 256 5
611 948 5
328 898 4
217 662 1
46 448 1
807 24 7
101 721 2
97 637 6
317 747 3
281 707 10
423 797 1
134 125 10
74 651 1
335 364 8
972 960 8
794 426 10
510 880 2
289 99 1
795 360 9
68 390 10
18 120 9
529 202 7
788 933 9
627 949 9
970 937 10
419 131 8
967 776 1
963 552 4
132 909 9
200 953 10
326 844 2
848 894 5
271 235 5
264 804 9
503 563 8
481 23 6
676 575 5
456 645 1
764 981 4
212 712 7
326 832 2
386 75 10
976 869 4
15 918 9
344 284 4
326 551 1
154 157 5
536 504 3
354 934 2
114 911 4
124 277 1
903 708 10
89 337 9
20 131 2
490 403 1
630 609 2
923 544 2
83 524 7
449 252 3
521 889 2
181 169 10
484 961 7
5 180 4
579 819 7
144 618 7
176 511 4
26 291 6
983 605 7
977 623 9
10 668 7
270 26 6
234 892 6
129 512 1
106 329 10
936 79 6
487 908 1
272 857 7
580 480 1
287 358 5
351 125 1
662 714 10
643 173 3
227 600 10
699 282 9
196 124 6
679 874 2
438 173 6
909 96 3
208 384 4
201 293 6
72 746 6
102 576 3
458 414 4
610 116 9
677 11 9
845 953 5
154 625 8
454 478 10
677 844 5
645 219 5
632 315 10
358 324 1
100 692 3
21 136 4
205 961 7
82 327 1
530 293 9
741 703 2
14 151 10
113 209 6
506 549 6
935 145 3
422 277 8
487 726 7
698 145 6
949 463 1
303 784 9
264 643 1
206 200 9
402 442 10
450 415 6
861 657 8
687 565 3
532 240 6
438 345 7
838 761 10
654 276 3
526 140 5
523 519 8
148 512 7
81 503 8
874 539 1
372 549 5
10 73 6
602 568 8
896 580 1
607 936 4
44 165 5
27 143 4
171 163 10
385 851 4
298 241 5
262 97 2
333 597 3
85 633 1
621 647 4
162 182 2
693 907 9
306 478 10
82 172 5
158 966 3
353 531 1
844 695 9
783 792 5
934 677 2
551 465 3
430 197 9
715 179 6
93 433 1
161 891 1
689 221 6
13 689 3
525 397 4
684 504 4
588 824 6
260 742 1
260 415 3
414 703 8
568 125 9
807 588 9
162 912 2
114 311 7
290 505 1
712 742 5
643 551 7
998 94 4
991 394 10
825 564 10
48 404 5
425 925 1
479 669 1
23 318 9
579 805 6
683 38 7
553 210 2
459 168 6
683 958 10
490 778 1
920 50 8
30 990 1
841 981 10
384 569 8
86 286 10
291 722 6
496 451 2
827 630 7
697 240 7
947 604 8
114 776 5
634 142 2
110 414 5
647 263 9
613 424 1
342 858 8
24 348 5
970 36 10
255 674 3
668 813 1
730 89 1
158 424 8
100 276 2
711 605 10
962 537 1
786 454 8
950 862 9
387 861 1
417 483 7
835 683 10
765 980 5
695 849 2
69 657 5
300 95 5
68 217 3
637 983 7
619 18 4
727 94 3
852 668 6
453 757 9
597 562 2
119 261 6
995 658 2
277 880 1
267 6 3
283 212 4
177 675 6
593 711 9
715 558 4
535 256 8
605 836 6
471 879 5
861 15 4
982 154 6
800 112 10
978 659 9
282 89 1
381 312 6
743 656 1
157 183 2
494 295 8
726 438 9
753 914 10
354 36 8
782 750 6
191 629 10
258 643 8
741 15 10
445 313 6
234 819 5
983 65 4
12 284 7
826 599 4
217 415 10
792 392 1
844 551 10
356 780 10
473 914 7
18 333 5
737 241 4
869 293 8
645 368 7
280 418 6
23 376 1
259 731 6
577 84 9
234 922 9
34 504 1
513 413 6
953 846 7
53 188 3
892 926 9
387 475 5
625 633 4
432 219 6
144 434 1
247 564 3
365 403 8
444 85 9
970 510 5
61 93 10
449 785 4
973 915 7
588 989 1
552 718 4
930 163 7
703 574 7
379 962 3
966 286 5
988 985 3
52 117 4
598 247 10
71 129 6
870 189 10
182 445 10
780 107 10
2 363 5
610 396 6
675 446 4
413 883 1
741 920 7
886 560 10
465 217 7
74 843 10
829 547 9
896 122 4
396 426 4
946 403 4
438 239 3
541 518 6
615 114 2
155 951 2
112 844 1
949 931 1
651 663 7
547 948 5
189 26 4
571 747 8
786 376 3
545 221 6
170 408 8
654 98 4
231 74 2
7 568 1
305 553 10
850 35 9
783 28 4
819 375 5
139 149 5
413 966 1
753 264 1
178 78 4
341 404 1
259 421 9
636 65 4
243 299 2
202 883 5
83 280 5
287 989 5
266 930 2
546 382 6
217 825 4
947 765 7
321 896 9
319 516 6
34 306 8
354 90 9
923 372 10
804 881 8
589 777 9
42 451 9
371 533 5
116 745 3
687 454 5
30 71 8
63 473 4
180 524 10
88 273 3
785 999 2
706 812 3
156 248 6
117 442 1
390 760 4
334 801 6
300 818 2
902 255 2
588 899 8
146 690 7
611 806 7
659 986 1
363 289 1
595 586 8
489 141 7
88 700 9
218 55 7
899 281 7
136 531 10
721 15 3
88 723 7
451 863 4
32 525 1
390 637 7
155 934 6
908 867 9
32 132 6
717 865 8
542 241 10
32 630 8
432 303 7
488 561 5
161 747 1
953 943 3
101 578 4
711 819 4
43 175 9
959 108 3
923 517 6
349 92 10
473 307 8
848 472 2
551 787 8
255 26 5
843 527 8
455 229 10
816 283 8
439 416 3
908 611 3
859 570 1
398 759 6
113 471 1
990 279 6
968 328 2
43 807 5
129 10 7
708 878 8
777 964 10
702 690 4
491 554 5
777 928 2
569 676 7
60 577 10
259 660 9
744 664 2
829 681 9
796 309 2
237 322 6
903 949 8
236 454 7
182 702 8
719 792 1
243 775 4
517 738 2
516 179 9
944 55 3
642 401 1
303 330 1
145 555 3
567 187 2
71 395 1
448 153 6
602 919 9
190 975 10
875 157 7
298 381 4
76 212 10
157 263 3
681 551 9
775 392 2
648 747 10
161 352 2
138 546 6
630 845 2
38 529 8
160 43 8
408 559 4
223 860 1
980 114 4
701 274 10
110 454 7
814 606 5
996 860 9
984 474 6
667 266 2
684 800 5
354 525 4
185 213 3
385 881 8
114 900 1
963 321 9
518 148 4
986 433 1
538 201 9
495 852 5
45 316 10
948 185 7
81 114 1
433 443 3
691 740 8
62 570 3
558 315 4
441 849 5
899 1 2
509 46 7
380 96 10
43 100 2
978 773 4
514 357 5
765 227 5
320 794 2
84 567 10
409 760 6
151 856 2
876 81 9
380 60 8
149 508 2
112 400 5
163 423 5
846 425 1
790 462 5
520 271 4
35 559 4
184 41 5
292 389 10
365 311 9
817 854 9
172 778 10
898 167 2
696 842 7
252 296 2
830 134 1
622 677 2
916 953 10
980 360 8
115 354 3
310 439 3
162 925 3
226 811 10
524 441 7
136 937 6
195 621 10
492 289 6
222 897 6
12 114 4
997 480 8
332 371 4
509 28 3
3 688 5
488 288 8
610 367 10
765 580 9
262 194 2
825 436 10
991 778 10
530 573 6
421 738 9
881 143 8
957 625 3
628 54 9
769 709 3
864 277 4
271 589 2
923 347 9
312 615 1
62 136 10
201 712 6
951 119 7
711 925 7
262 908 5
544 2 8
122 664 1
951 433 8
290 586 10
40 369 10
61 201 5
272 508 3
256 694 7
922 765 4
937 396 8
471 758 10
791 366 9
117 886 9
197 740 5
367 687 8
238 536 9
388 853 5
236 470 8
455 646 6
160 919 9
461 400 1
116 778 5
884 633 2
696 721 9
97 278 5
729 486 4
490 222 10
590 811 4
15 100 2
305 995 3
684 363 6
720 345 6
886 669 4
26 150 6
618 768 9
604 822 8
860 710 6
12 41 7
226 899 6
825 844 7
386 693 4
823 814 4
957 81 2
144 111 4
265 640 8
743 912 1
58 700 3
493 897 7
406 701 5
129 426 7
75 861 10
591 157 5
606 388 4
602 22 7
774 719 9
525 965 5
931 354 1
566 767 8
304 246 1
224 999 4
981 959 5
677 525 1
816 230 4
165 287 3
655 418 1
200 803 3
967 762 2
524 665 9
586 704 8
335 601 1
356 57 8
76 175 5
794 464 1
336 628 10
387 778 10
922 475 1
288 68 2
286 67 1
497 658 3
213 792 5
249 212 4
80 258 7
572 676 5
308 498 4
473 593 7
220 779 7
502 266 2
46 274 9
856 272 4
555 402 10
724 587 7
861 989 9
297 454 6
6 872 7
642 345 5
349 483 5
805 516 3
392 52 8
854 594 2
213 785 5
648 640 2
656 339 6
502 946 8
897 504 7
973 863 1
502 68 9
220 71 6
760 303 3
87 93 4
950 727 9
462 223 8
496 932 2
137 89 7
547 285 5
52 697 3
419 640 8
207 646 9
764 987 9
496 116 1
153 463 9
278 664 2
315 311 5
42 765 2
883 603 2
735 613 10
176 880 3
977 187 8
459 925 5
656 165 9
564 379 7
202 981 1
679 766 7
176 153 8
409 777 9
796 164 2
41 598 9
10 156 8
553 157 3
432 204 2
23 619 2
514 136 2
233 317 7
736 199 3
282 942 7
83 423 1
135 802 5
870 618 6
429 255 4
90 469 10
51 190 1
856 743 1
357 853 2
792 939 4
878 597 9
513 270 6
562 65 3
333 826 10
601 621 10
646 282 5
1000 471 5
798 680 5
239 449 10
639 801 5
790 101 6
163 64 3
422 441 2
448 996 4
169 745 10
966 529 4
864 733 6
84 263 3
373 694 6
929 818 5
843 571 6
472 546 9
108 735 2
196 525 5
685 367 2
214 56 6
882 580 1
374 967 2
315 7 4
444 460 3
994 143 2
103 386 4
736 567 4
264 531 2
341 185 9
765 52 2
617 709 8
203 757 10
722 545 10
829 687 7
443 675 5
273 255 3
223 432 4
323 604 10
21 505 8
221 490 10
864 85 9
792 59 3
215 652 7
983 507 10
62 655 4
403 10 7
502 422 5
33 992 4
206 329 1
736 255 1
588 754 7
69 711 10
600 952 2
694 897 5
344 779 1
997 417 4
73 37 3
344 447 10
389 578 1
480 585 6
666 932 3
252 844 2
957 973 4
884 412 6
273 107 5
583 891 7
758 263 6
25 742 1
380 5 7
814 14 9
84 88 2
980 127 4
657 556 9
323 876 1
969 94 4
686 736 4
647 529 4
312 299 3
296 808 5
530 654 8
989 151 5
824 552 2
557 3 1
346 377 10
649 403 5
87 551 3
82 138 7
815 134 1
242 790 10
754 937 9
66 674 9
891 446 9
332 672 5
270 254 7
566 98 3
320 318 8
23 985 4
675 495 9
50 329 8
103 281 6
952 757 3
619 968 10
266 992 8
643 252 1
873 738 10
52 611 8
784 623 4
859 773 1
723 643 9
933 88 5
204 754 1
870 17 8
669 419 6
137 390 4
889 918 1
933 509 10
465 830 1
674 250 7
959 519 2
311 427 9
420 798 3
901 409 5
60 744 3
573 562 7
280 454 6
389 112 10
239 877 8
88 485 7
15 771 2
769 284 2
123 718 2
506 856 7
352 199 10
156 393 4
164 791 4
210 19 8
478 830 7
252 25 3
720 878 5
64 90 3
424 453 5
222 719 1
401 141 6
266 872 2
383 867 4
768 322 2
151 916 9
160 835 4
252 925 4
829 684 3
831 145 10
504 919 6
118 218 1
470 662 3
73 905 5
277 99 7
777 468 2
460 88 6
477 576 7
500 935 6
680 731 6
430 767 9
463 954 2
752 689 6
150 174 1
878 729 7
721 182 10
258 501 10
514 454 1
848 972 6
410 947 6
172 758 4
359 584 6
662 532 8
918 883 4
927 976 8
431 661 1
311 714 8
638 137 3
647 51 9
705 152 5
95 242 1
872 623 1
594 114 1
400 550 2
963 694 2
868 616 10
735 1000 6
733 851 5
822 290 7
229 85 8
836 272 4
345 8 5
163 584 5
756 358 6
93 920 1
431 915 2
232 165 7
783 738 4
998 808 2
869 480 9
857 526 5
185 959 5
251 226 1
128 859 7
356 568 9
728 305 1
381 981 2
906 764 9
237 747 3
925 292 6
780 368 7
955 120 1
875 681 10
1000 193 4
329 39 6
249 572 6
55 388 7
865 133 5
424 639 9
561 270 10
304 576 6
389 105 2
287 675 9
212 521 9
611 809 9
13 272 5
485 479 7
892 867 5
459 901 8
331 608 8
387 383 3
250 483 6
845 872 8
3 512 1
885 94 3
885 587 3
1000 954 6
924 676 9
478 12 8
950 9 1
793 74 1
774 230 5
982 242 5
483 902 8
888 814 6
735 72 4
702 67 5
791 130 1
396 207 6
200 773 7
746 766 5
706 979 3
310 871 1
712 176 6
827 578 10
345 21 3
914 231 3
446 762 8
154 887 8
685 551 5
686 471 7
690 420 4
447 963 5
194 462 1
329 977 8
912 367 6
832 853 6
941 694 2
536 296 6
709 785 4
740 463 7
179 317 8
836 319 5
172 346 10
154 622 3
558 77 1
771 702 8
865 467 4
44 154 5
8 779 2
912 650 2
701 299 8
603 127 10
202 830 7
993 708 4
583 950 7
463 64 9
225 638 5
190 604 8
281 957 2
636 226 7
10 603 2
82 508 6
399 946 10
118 661 4
279 757 7
878 45 10
45 415 9
48 164 3
843 724 1
210 888 10
619 51 6
103 426 4
426 980 5
669 946 3
268 423 4
408 848 3
692 113 1
74 962 3
120 774 2
257 716 3
327 911 3
865 506 9
991 687 8
885 112 3
432 159 9
771 276 8
9 464 2
488 306 2
899 51 2
787 922 1
663 186 10
90 12 3
929 646 8
283 215 4
755 163 9
614 180 3
862 869 1
588 378 5
964 888 5
660 982 6
302 404 2
541 852 6
597 558 3
580 741 5
720 18 4
836 95 7
751 642 3
268 9 1
89 939 6
653 922 1
465 529 5
531 464 3
383 427 7
937 596 7
34 203 7
255 693 2
609 602 8
632 435 9
285 345 10
265 6 2
51 701 2
118 994 4
346 624 9
501 507 4
95 18 4
523 315 3
366 656 9
518 202 5
841 717 8
322 45 2
955 108 7
838 445 4
48 508 2
41 809 10
575 438 10
210 843 8
423 841 7
65 827 3
554 946 10
42 53 10
560 535 4
236 809 1
645 546 9
181 384 5
580 376 10
34 192 4
601 313 1
648 791 7
610 305 8
53 546 4
935 783 1
984 216 3
824 601 1
261 471 10
715 417 3
358 926 7
719 148 6
709 194 3
937 132 9
456 786 1
926 64 10
243 46 6
280 277 2
401 581 10
779 519 3
265 145 10
155 471 8
275 411 5
559 394 7
504 447 10
818 891 7
635 60 2
462 179 9
27 18 1
978 430 9
545 421 3
669 764 9
755 288 7
814 753 6
450 130 4
628 914 10
47 604 10
920 576 6
817 942 10
337 612 3
231 959 5
721 212 1
578 514 2
430 648 1
395 431 10
686 536 3
407 205 4
730 572 2
124 610 6
9 698 1
653 609 6
459 371 6
833 15 1
23 551 10
724 370 4
71 294 6
990 470 9
468 465 7
1000 382 10
376 272 10
55 157 5
750 324 9
641 341 1
638 300 9
127 72 2
764 877 8
207 372 5
192 993 8
198 435 2
996 976 8
516 12 1
554 96 3
706 797 4
404 927 4
884 24 2
463 714 4
317 519 8
635 162 6
250 44 9
238 632 10
410 391 5
666 570 5
179 271 6
476 912 10
544 356 2
948 17 2
174 526 3
447 593 9
361 671 2
401 101 6
517 842 10
680 536 4
697 701 7
736 322 10
767 943 9
140 484 3
550 376 10
593 675 4
282 666 5
94 319 10
182 429 3
443 340 5
616 948 6
622 555 8
976 131 8
858 678 3
167 424 10
642 646 6
547 184 2
374 304 6
976 599 5
547 697 7
797 258 7
579 951 10
588 878 10
553 16 10
87 676 2
452 814 2
560 315 1
42 855 4
486 607 1
723 192 10
820 923 4
214 709 5
556 103 7
154 558 5
970 529 2
879 928 8
915 603 7
316 270 2
742 274 4
433 926 10
700 489 8
68 4 8
380 628 9
399 340 8
948 316 1
999 482 9
434 658 5
229 271 2
54 151 6
924 916 5
143 245 2
160 56 5
689 727 10
567 996 8
717 663 7
37 974 9
991 545 9
182 681 2
861 834 6
428 138 5
906 929 2
443 872 5
172 90 9
778 264 3
903 727 1
895 725 10
558 465 2
468 722 1
553 68 8
93 547 7
348 830 9
540 686 7
140 611 10
644 128 5
802 545 10
910 920 2
680 454 3
688 703 7
403 512 4
315 886 2
159 239 2
813 1000 2
823 2 4
854 835 7
448 833 1
933 594 3
383 693 5
893 102 8
755 279 7
97 170 2
656 84 9
946 106 5
468 827 4
619 147 2
99 135 5
321 361 7
268 136 1
825 445 8
825 209 1
949 479 3
183 381 8
502 900 5
98 369 10
552 896 7
65 143 5
544 844 1
841 280 5
141 282 6
769 38 6
774 603 3
397 426 5
48 424 7
65 564 2
178 333 1
480 701 8
899 126 3
536 475 1
379 622 2
860 221 9
90 343 10
608 335 2
100 275 4
498 184 2
522 176 3
421 997 4
560 217 4
263 829 10
409 891 9
255 508 7
890 850 8
69 426 3
518 705 2
590 786 10
553 937 5
907 917 3
554 668 5
578 562 10
697 806 1
830 848 8
143 584 3
293 957 7
233 417 7
4 980 4
643 8 9
767 476 6
885 460 2
796 395 1
282 703 3
530 636 9
768 421 10
204 764 7
372 185 9
379 671 2
464 133 9
55 947 10
347 400 3
664 319 6
944 227 8
909 787 10
108 950 9
836 536 1
323 487 2
295 262 10
468 731 2
578 85 6
617 77 5
322 872 6
422 764 3
5 304 8
647 797 1
434 150 8
288 173 9
985 548 1
774 836 10
52 16 5
312 589 5
673 665 1
463 847 7
641 955 7
650 187 7
422 847 10
224 94 1
125 842 8
237 323 9
278 945 6
953 740 4
190 409 8
570 392 1
280 345 3
87 43 7
118 485 6
99 96 8
850 698 9
970 348 7
636 851 6
31 976 4
104 650 4
881 652 3
428 571 8
226 525 7
281 767 6
704 817 8
97 2 3
730 229 1
428 496 10
537 323 5
333 922 1
943 226 1
813 260 8
951 690 2
140 960 5
611 150 3
913 159 1
60 34 7
919 740 8
751 804 5
480 256 5
483 960 1
454 589 7
983 419 8
566 869 8
383 337 6
845 604 4
948 870 10
675 588 5
681 522 7
589 441 1
755 601 7
408 714 5
354 669 3
76 994 7
929 992 10
266 259 9
448 270 10
55 659 4
170 899 4
49 54 6
890 252 9
66 501 7
392 247 10
797 384 6
395 757 1
245 775 3
556 20 1
238 84 9
782 631 2
587 705 10
30 440 9
714 338 3
202 101 2
413 240 3
292 593 4
164 47 1
366 53 9
372 535 5
269 373 9
435 927 10
393 56 6
544 92 4
46 806 8
69 127 4
29 706 7
22 115 5
883 572 8
805 146 7
869 458 8
949 45 4
870 562 5
759 565 8
115 901 8
556 970 5
439 115 2
102 462 8
294 914 3
478 701 6
79 553 5
597 996 1
199 493 3
137 397 7
553 637 8
573 648 8
654 75 9
99 813 7
514 622 9
169 757 10
113 646 5
488 680 5
412 593 5
719 569 1
128 983 6
325 747 8
744 185 4
133 469 8
460 424 5
786 544 3
971 911 1
568 383 10
548 795 1
50 374 5
43 780 7
674 395 10
796 148 9
164 398 7
263 749 8
50 585 4
662 247 3
515 496 8
94 899 4
113 516 4
739 278 1
390 23 4
874 458 7
291 196 10
708 865 4
270 449 9
76 814 3
43 324 5
827 753 2
777 977 4
507 50 7
849 252 9
613 891 3
116 603 3
739 559 4
300 584 7
340 820 3
899 839 7
457 144 4
534 843 1
339 767 2
842 931 4
74 107 7
810 530 9
416 844 10
808 678 8
48 765 7
398 566 4
586 385 2
538 935 8
673 704 6
562 827 3
480 673 5
357 367 9
908 388 7
405 242 1
496 22 9
851 728 4
194 338 10
984 663 6
85 27 7
717 827 6
778 399 9
797 93 7
917 778 7
732 268 10
509 355 8
260 74 9
651 11 5
4 149 7
471 289 4
296 707 7
838 282 4
512 207 2
796 535 6
793 622 7
476 500 7
279 40 3
924 354 1
719 410 8
953 600 4
488 788 5
981 104 1
220 619 4
622 543 8
780 802 4
9 280 9
86 885 10
779 342 2
251 319 10
725 697 2
293 766 6
205 693 8
555 247 3
341 747 10
414 920 10
149 26 3
705 549 5
144 614 4
433 552 4
307 124 8
306 668 9
973 511 2
364 183 2
375 206 9
51 587 9
980 899 7
664 815 2
818 284 10
97 132 9
126 557 5
721 42 6
647 954 6
427 244 2
379 48 5
238 487 10
515 923 4
192 140 9
563 427 8
189 568 2
611 29 9
986 959 9
506 969 3
242 620 10
657 757 2
252 440 1
850 304 5
403 824 2
266 639 9
234 94 9
419 595 9
476 635 3
207 800 10
843 665 5
314 997 2
374 5 1
772 350 4
714 413 10
12 126 6
327 713 3
91 639 7
780 195 10
754 594 3
355 520 10
778 940 10
405 21 9
485 623 4
687 718 10
481 643 7
83 242 1
378 629 3
178 161 8
28 138 3
434 560 7
963 253 1
139 892 2
442 481 3
460 180 1
269 486 10
834 599 6
908 998 6
282 735 2
401 482 2
698 820 7
638 314 9
946 14 4
466 219 3
14 81 1
480 567 10
129 587 1
435 826 8
426 411 1
968 65 1
445 162 10
59 856 2
430 860 1
679 819 5
697 707 10
200 741 6
421 972 4
905 761 2
309 884 4
702 760 6
390 227 6
596 996 7
906 785 2
656 831 4
481 660 3
652 416 7
336 480 3
67 807 4
865 586 6
95 369 8
915 786 8
518 249 7
361 817 1
805 540 4
711 689 2
197 837 6
915 925 5
804 922 8
118 104 2
923 32 2
314 921 6
931 453 3
761 550 6
900 642 5
525 651 3
603 569 5
224 398 10
929 448 3
614 221 2
273 466 5
618 563 2
396 195 10
487 503 9
284 895 7
599 52 7
147 339 6
278 248 1
645 883 3
515 694 9
819 318 5
429 804 7
440 907 7
273 278 2
389 833 1
513 420 5
718 121 3
941 460 9
787 878 9
47 973 5
583 405 6
334 83 9
515 909 6
95 8 8
773 864 6
254 387 5
220 39 7
914 794 1
412 245 10
982 265 8
889 1 1
784 686 6
868 109 1
163 55 9
48 769 6
629 955 4
23 598 5
95 326 5
375 390 7
929 341 5
702 171 8
72 395 10
925 737 6
279 883 6
945 202 9
786 579 9
816 549 3
290 263 10
778 639 8
187 141 7
982 165 7
435 607 4
200 902 10
392 28 4
188 766 3
515 317 10
335 377 3
238 168 1
188 492 10
178 711 6
155 847 6
253 805 5
959 38 3
847 655 5
113 278 5
723 993 6
618 445 5
27 183 9
81 628 5
288 200 3
230 171 6
85 132 1
771 886 8
831 846 7
517 593 7
978 756 7
994 801 4
694 487 1
401 684 9
385 346 6
127 64 4
768 609 8
666 682 5
23 195 7
790 1000 9
588 485 3
507 413 2
906 394 4
767 662 10
491 524 5
455 757 1
556 2 2
496 733 9
249 41 4
714 963 7
916 129 2
385 258 5
386 167 10
35 939 2
755 839 3
951 25 4
442 95 5
722 152 4
195 976 5
58 535 7
334 707 9
933 582 7
994 331 8
248 972 2
336 927 7
53 102 1
53 597 8
982 522 5
824 4 10
909 774 7
621 454 1
400 85 8
919 836 5
905 855 1
485 816 2
689 554 9
442 976 8
634 994 10
798 302 3
129 410 8
883 101 10
500 255 5
400 802 4
964 612 4
721 621 7
357 155 5
318 812 4
402 326 1
743 345 5
438 240 6
488 394 7
361 803 1
48 945 2
990 377 6
505 607 10
540 12 8
429 306 1
393 20 8
372 767 9
22 243 3
842 956 10
542 115 3
854 216 9
210 831 1
768 714 1
161 679 4
505 106 1
117 431 10
13 555 4
485 282 6
335 36 5
25 397 6
90 896 4
624 822 3
7 205 1
14 692 8
545 451 10
312 198 10
629 354 8
170 304 5
789 34 6
178 659 2
395 553 5
86 239 3
619 163 8
428 686 10
250 841 9
777 495 6
425 737 8
429 574 4
624 613 4
68 637 7
901 105 5
347 210 3
556 651 10
974 943 8
738 132 7
736 366 5
636 555 1
489 189 9
977 228 10
454 294 7
675 97 1
181 497 2
188 869 5
480 770 4
755 395 3
983 930 8
156 233 9
277 150 10
875 619 1
279 86 5
132 836 7
518 753 7
623 88 1
579 571 10
280 282 8
915 618 7
572 167 4
662 980 6
569 259 3
216 577 4
515 63 10
318 935 7
385 925 8
132 299 3
219 631 8
184 871 3
463 85 8
336 791 10
606 769 3
17 104 2
385 752 3
385 995 3
389 999 10
449 94 5
714 97 10
401 760 1
547 81 6
239 791 9
915 144 5
283 208 8
603 778 9
594 186 5
13 367 4
620 115 8
832 17 7
439 795 9
227 510 1
471 269 3
77 770 3
89 21 7
509 556 8
16 196 7
598 748 3
370 666 7
821 295 8
506 950 5
254 632 2
933 994 10
695 550 9
544 843 8
853 567 1
498 969 7
113 468 7
275 248 6
860 95 1
672 241 8
623 574 5
527 134 6
276 346 7
946 951 8
590 356 9
292 345 1
152 219 2
782 442 5
194 815 6
217 130 5
469 606 8
484 125 8
523 774 7
361 858 10
473 478 5
934 80 2
339 292 6
925 21 2
455 414 6
580 624 7
406 195 10
301 109 9
56 710 2
943 576 5
712 36 9
539 907 9
607 870 8
69 82 7
889 700 3
955 182 7
265 767 4
458 112 4
242 11 1
389 908 2
529 974 7
919 933 9
380 150 10
980 596 7
674 105 8
996 22 2
60 880 7
308 597 3
907 207 5
193 353 6
384 680 6
192 211 1
206 569 2
961 648 2
257 659 5
224 230 6
555 478 10
295 138 5
785 12 3
393 510 5
955 570 4
13 243 1
310 197 3
540 278 7
928 699 8
190 577 7
639 776 8
790 904 7
286 97 5
71 567 9
93 927 4
570 784 5
903 545 7
587 533 8
501 385 4
973 82 3
650 250 1
892 123 6
662 650 9
867 204 8
470 528 3
537 989 6
344 203 9
379 412 4
128 14 10
276 531 7
419 587 3
585 517 9
539 63 5
142 373 1
889 113 9
29 312 1
789 844 7
647 405 4
256 816 10
582 550 5
914 344 9
749 801 6
585 932 1
197 834 8
952 20 3
813 745 9
724 556 8
729 609 6
826 963 4
697 236 4
368 333 9
275 347 9
166 147 4
752 19 10
287 760 10
161 739 7
645 718 9
464 36 7
212 244 2
445 183 5
99 658 5
221 972 5
701 656 9
867 201 2
765 531 4
289 293 4
631 112 5
909 771 4
238 999 3
465 577 8
815 218 10
956 496 2
864 699 1
75 159 7
479 246 3
500 508 9
635 689 9
329 165 10
442 595 8
897 780 2
981 412 9
508 171 10
123 193 3
755 934 3
463 648 2
35 366 10
742 369 7
822 330 10
322 971 9
798 812 9
741 381 1
107 266 3
5 822 5
393 84 9
172 806 9
169 858 2
138 927 3
464 492 2
579 994 6
152 393 6
942 279 4
254 796 7
139 202 6
784 706 4
59 36 3
967 622 4
190 422 4
433 135 5
18 608 2
672 704 9
902 48 4
435 502 5
180 678 7
574 408 5
708 806 2
994 715 9
670 275 8
990 811 1
961 476 3
675 205 8
35 279 7
378 712 1
321 197 1
138 509 7
785 654 9
630 131 7
717 55 4
957 273 4
847 515 1
997 295 4
916 870 1
427 932 3
708 361 7
144 595 10
146 746 10
795 76 6
840 718 10
298 624 9
440 703 1
249 126 5
313 636 9
425 199 8
512 199 3
16 797 1
94 564 5
109 916 8
517 224 10
895 692 7
887 684 7
104 664 5
93 332 9
449 731 3
916 901 3
355 124 10
889 909 10
446 992 5
731 310 7
334 502 7
923 221 4
265 363 7
1 813 8
959 890 4
810 391 8
518 40 1
170 423 9
350 512 9
3 133 7
148 378 4
893 755 3
994 954 6
680 965 10
942 525 9
884 276 6
897 31 4
222 673 9
409 467 3
529 269 3
713 850 8
440 941 10
842 393 4
275 197 9
908 741 2
521 779 10
674 39 2
693 499 3
639 533 4
276 107 10
919 669 10
679 81 2
521 279 10
290 539 8
360 351 2
540 997 2
203 905 5
263 117 9
270 643 9
317 957 10
422 433 1
675 200 8
841 509 10
526 782 1
813 621 5
125 20 7
998 180 5
958 827 3
859 495 8
731 777 5
221 361 6
657 627 7
754 83 2
641 614 5
586 607 6
376 294 6
344 399 5
814 432 5
993 767 9
175 762 3
283 360 7
328 744 4
569 58 6
131 579 1
937 265 5
92 217 8
640 105 1
734 308 8
476 697 8
190 758 1
326 797 7
904 421 3
705 592 6
167 299 10
144 778 8
234 700 7
192 957 6
300 110 3
71 211 9
794 131 1
490 339 1
203 208 2
907 287 3
895 617 3
233 451 5
618 841 9
386 64 1
129 201 1
343 140 10
829 874 4
159 7 6
401 602 3
732 822 6
119 79 4
724 835 7
768 331 9
957 371 5
89 907 9
759 624 7
396 989 4
900 248 4
844 976 2
552 479 10
233 809 3
475 724 7
259 736 10
361 310 6
905 359 10
178 53 3
634 921 10
842 108 2
514 798 7
311 651 7
875 854 2
766 522 1
16 128 2
226 245 6
753 596 2
653 991 2
51 298 6
136 562 5
328 128 5
172 259 9
540 932 2
343 744 5
37 566 2
3 194 1
202 414 4
765 807 2
327 624 4
530 957 8
15 404 4
189 710 3
945 499 2
512 765 6
399 899 8
591 356 4
670 314 7
146 872 9
308 483 2
865 523 1
341 750 4
111 141 6
238 777 4
880 466 5
606 642 3
522 312 8
844 607 7
241 56 1
304 598 4
622 220 8
346 141 8
713 890 1
604 743 3
254 121 6
87 473 3
795 966 2
807 701 10
225 423 3
977 910 9
852 12 8
856 446 7
581 375 10
186 245 5
489 725 6
389 201 1
501 198 4
203 829 2
252 888 8
415 774 9
822 95 8
747 646 9
597 167 8
466 582 4
152 506 6
401 807 8
299 960 1
588 416 7
15 729 10
697 803 7
565 529 6
600 664 8
882 934 2
42 256 1
410 192 9
494 211 4
64 47 3
902 109 10
732 952 6
87 784 7
953 96 1
423 678 8
265 217 7
296 588 6
38 246 2
704 477 4
501 15 1
792 943 9
45 137 1
908 753 1
123 399 2
748 899 5
179 76 4
210 943 7
82 12 5
538 312 8
206 666 3
56 161 4
607 457 7
394 685 3
538 595 3
138 804 10
867 430 5
371 857 6
10 114 5
602 472 1
400 646 6
500 669 2
622 980 7
165 544 5
973 183 2
38 822 4
733 125 9
380 446 9
398 158 3
832 578 8
869 138 3
305 290 6
312 222 7
454 385 6
302 681 9
777 32 7
123 576 4
972 262 8
433 822 10
191 424 4
95 474 1
300 548 9
560 161 7
194 168 3
174 505 10
240 120 4
593 736 7
554 186 7
588 85 8
9 381 9
946 460 9
276 165 7
732 557 4
916 719 1
54 649 5
885 457 10
787 50 1
614 496 4
729 457 2
528 440 9
320 211 10
682 691 6
70 263 7
323 831 4
869 711 5
133 682 10
719 956 6
831 43 10
770 93 1
584 155 9
398 351 7
293 702 9
637 860 6
901 919 10
558 405 5
797 137 2
808 290 5
877 893 6
828 743 4
562 911 9
152 361 4
50 449 9
88 852 5
947 705 10
121 855 9
766 425 9
418 227 10
241 394 10
794 946 2
750 908 3
809 487 4
282 287 8
13 386 3
301 14 5
269 731 5
628 130 6
251 403 3
146 191 9
392 854 6
518 590 1
878 23 1
977 449 4
550 208 3
105 960 10
568 422 1
313 345 8
504 502 5
523 336 7
504 262 7
859 615 6
339 999 9
903 354 4
389 455 7
473 219 3
365 147 2
652 683 3
315 188 6
315 477 2
618 47 1
29 269 3
322 695 6
859 430 3
131 25 4
501 168 3
877 77 6
94 207 5
390 590 2
992 620 10
888 556 1
186 609 5
616 315 1
391 989 8
512 70 8
188 568 10
598 207 9
549 202 8
680 860 3
800 459 3
65 909 3
574 662 9
957 272 8
847 758 10
991 226 6
565 690 6
4 170 1
223 256 10
312 467 9
455 902 1
991 680 9
740 750 2
474 203 7
728 982 7
249 494 1
499 275 4
1000 37 4
92 680 10
784 52 1
804 705 3
226 588 2
183 710 3
166 478 4
597 908 8
13 879 9
190 524 7
820 466 9
73 402 9
499 722 9
385 338 7
511 601 5
650 603 8
872 653 5
266 636 6
321 775 2
213 488 4
423 627 7
454 356 2
156 456 10
965 129 3
808 162 4
45 236 2
673 918 6
887 581 5
588 550 8
880 172 8
951 679 10
664 931 10
298 61 4
24 825 8
131 133 4
70 921 7
860 130 2
275 862 5
407 741 7
570 535 6
886 42 1
81 341 4
814 620 8
675 582 5
992 913 10
349 997 3
695 345 10
209 576 9
24 817 2
101 970 2
794 87 4
788 986 3
969 419 3
213 550 1
331 770 6
492 221 9
401 161 6
980 660 9
510 127 2
900 373 4
152 5 8
928 242 8
103 878 4
205 871 1
766 9 6
346 480 8
108 391 5
857 254 10
207 625 2
830 196 9
181 94 7
479 886 10
670 192 5
361 850 4
382 852 3
4 109 9
386 355 6
452 227 10
799 404 4
167 715 4
491 650 1
19 497 10
30 132 4
409 127 5
57 289 5
962 889 4
262 977 10
729 396 10
379 829 2
740 501 3
697 575 5
940 600 10
456 323 2
693 995 5
253 13 5
25 274 7
709 922 2
17 106 4
383 166 1
940 628 3
233 449 10
513 324 10
888 247 6
683 957 1
139 665 1
955 627 7
104 239 8
899 953 4
345 331 10
435 532 4
631 79 5
800 483 6
86 428 1
700 662 7
611 966 10
312 913 4
295 364 1
5 613 10
231 851 7
633 231 3
258 365 7
267 563 8
279 244 10
564 321 7
989 250 2
923 415 1
581 378 6
189 585 2
753 857 8
635 33 6
552 230 5
14 469 3
869 153 4
977 362 9
582 217 4
259 85 10
627 665 5
190 799 3
873 892 5
760 924 6
441 981 1
591 258 7
237 736 3
328 526 8
351 999 8
962 34 1
739 531 8
876 173 8
903 90 1
345 898 5
694 794 3
677 6 2
312 371 9
353 16 9
586 982 3
321 549 8
856 747 9
422 273 6
870 290 2
705 17 1
894 369 2
452 334 4
365 606 1
63 695 4
882 20 7
975 684 3
736 190 10
837 518 10
985 627 6
629 602 2
596 736 2
16 595 8
551 121 5
193 2 8
446 297 7
855 176 7
866 187 7
732 350 5
581 539 7
184 290 2
37 699 4
527 269 1
197 324 1
229 917 1
255 557 8
521 662 5
206 37 5
66 557 4
798 445 10
657 514 5
21 665 1
202 226 6
846 382 4
575 47 10
396 394 1
723 518 7
940 903 5
325 639 10
154 500 10
796 975 7
81 393 1
436 804 3
807 919 5
440 764 9
754 253 5
318 826 8
77 942 7
672 413 10
633 791 4
476 737 9
55 30 10
584 772 10
654 141 4
955 181 8
109 517 3
382 67 10
907 174 6
485 763 3
562 93 4
505 18 7
919 701 4
571 915 5
712 604 10
241 857 7
656 813 5
414 105 5
695 450 3
811 173 6
135 693 2
72 981 1
223 58 5
975 641 10
311 752 7
350 105 3
513 454 9
147 525 3
837 353 5
382 415 1
704 407 8
761 912 4
518 655 8
652 253 10
34 324 8
471 797 3
682 490 9
660 427 2
361 743 9
943 362 9
416 22 2
681 867 2
213 823 5
880 695 7
207 827 10
198 276 7
854 957 7
699 270 7
162 701 6
495 646 9
942 827 8
205 350 8
992 330 1
566 300 4
195 289 3
517 780 9
305 723 5
745 732 5
991 179 7
707 323 6
508 97 10
765 830 9
505 173 5
216 175 3
90 484 10
881 990 2
820 416 5
299 857 3
894 755 6
349 317 1
278 849 5
829 258 7
539 406 10
321 910 9
469 109 4
557 640 1
559 693 2
103 374 3
573 888 1
244 790 5
45 206 5
613 895 4
647 650 9
723 968 5
999 831 5
321 162 4
554 288 4
513 907 10
14 381 4
774 227 10
994 990 10
821 563 8
86 529 5
846 733 8
582 475 3
1000 242 8
791 536 1
198 841 9
413 503 3
893 183 8
376 519 6
509 526 4
409 885 8
496 877 2
241 661 7
643 400 2
904 231 5
522 902 1
975 749 4
917 278 4
552 228 1
639 983 10
888 586 8
392 376 2
125 852 9
585 430 4
308 863 5
102 425 9
725 876 1
882 429 9
424 426 6
550 184 6
807 539 3
948 480 10
164 156 5
679 812 3
739 276 1
676 602 9
738 589 2
922 173 5
146 765 7
385 259 9
645 212 1
869 112 1
692 802 8
454 915 8
820 464 6
74 345 4
511 517 9
643 626 4
572 574 5
510 621 5
796 138 4
332 689 10
763 64 8
91 706 4
912 862 10
388 376 9
533 735 1
278 976 1
362 220 10
247 440 2
445 728 1
349 950 4
815 886 10
714 826 5
499 317 1
592 167 5
595 268 8
843 415 4
930 636 5
768 23 5
800 580 6
637 680 4
419 620 1
438 215 4
6 291 10
334 909 6
265 103 3
749 790 10
780 677 5
964 476 8
462 467 7
92 332 5
615 530 9
819 887 4
943 804 4
907 25 2
291 429 4
400 429 4
900 337 6
307 841 9
510 837 4
239 350 6
656 269 10
216 206 10
294 862 5
319 965 3
552 655 5
495 921 7
254 195 6
332 222 7
584 465 2
841 343 3
626 658 10
687 64 3
227 47 6
619 178 10
188 736 5
902 700 2
406 391 3
141 446 1
153 608 2
995 932 6
108 435 1
993 645 9
528 971 5
430 779 8
452 435 9
662 899 9
605 503 1
242 750 1
683 495 10
162 221 10
724 63 4
35 860 10
432 799 10
784 11 2
90 286 4
714 86 1
282 201 6
453 374 8
385 824 4
323 856 9
284 339 5
637 785 2
314 536 6
669 385 2
912 582 1
812 490 4
11 302 8
956 90 7
693 628 8
411 662 5
935 676 10
973 782 1
454 951 9
613 288 5
419 561 8
505 72 8
423 265 3
602 5 5
267 469 3
185 256 7
372 49 10
434 306 7
533 655 1
817 897 7
399 77 4
965 719 7
599 298 4
343 552 7
527 178 2
2 572 7
919 992 10
59 85 8
146 782 7
300 839 5
122 834 4
700 812 5
238 443 3
475 663 9
782 704 5
375 975 9
308 595 9
380 182 8
341 377 9
452 81 4
363 928 7
721 540 3
421 654 2
658 703 1
481 330 4
493 996 4
239 65 5
765 228 5
853 37 2
569 1 3
947 29 2
295 57 8
777 325 9
456 111 2
449 348 5
236 447 8
95 356 10
343 406 10
502 608 3
851 919 5
136 969 6
451 760 10
54 642 5
86 736 3
342 203 1
262 508 1
6 140 9
892 93 8
126 237 5
67 784 3
250 690 9
187 239 5
916 25 6
234 939 6
362 752 5
102 747 9
677 473 6
780 537 4
276 356 3
932 400 1
733 231 3
971 338 5
889 658 9
561 23 9
254 396 8
673 583 6
52 878 8
828 795 6
480 492 10
642 145 4
208 606 6
939 847 1
293 539 2
91 704 1
674 780 5
807 932 8
650 102 8
545 104 10
478 513 4
486 515 9
586 183 4
13 599 8
295 576 5
637 693 8
504 12 8
990 68 2
604 643 3
813 983 3
539 455 4
225 445 4
980 586 2
325 203 9
443 887 9
393 356 10
216 572 1
810 907 5
494 327 9
88 112 8
109 679 10
288 282 5
967 225 6
533 61 10
218 13 7
335 190 10
684 389 8
783 504 10
17 39 3
723 142 3
474 563 8
328 918 5
257 426 3
973 67 4
165 591 4
467 54 9
8 931 8
659 228 4
516 877 1
194 732 7
833 780 8
684 101 6
522 191 2
205 289 4
138 20 8
506 95 6
780 618 1
255 160 9
110 509 10
170 716 4
833 142 1
931 938 9
990 145 2
435 870 5
541 976 2
182 873 5
661 261 8
367 751 3
990 296 1
398 147 8
647 607 8
577 779 5
181 511 9
610 936 1
986 246 7
685 413 1
576 951 10
33 339 2
667 678 5
669 375 3
324 170 2
983 212 4
430 846 4
145 61 5
664 871 5
959 522 9
593 289 7
316 774 1
518 69 8
290 239 10
362 784 5
498 678 6
939 843 10
634 950 6
293 575 5
320 944 8
761 998 1
957 800 2
79 68 8
829 623 10
980 441 4
423 294 6
479 255 8
301 520 2
434 381 4
401 222 10
293 704 4
247 289 2
882 921 3
56 293 8
409 706 10
393 445 9
263 106 10
705 51 4
917 61 6
678 129 5
874 180 4
552 488 5
469 274 1
969 455 3
951 271 7
672 511 6
229 26 5
478 303 1
47 542 10
413 724 8
339 129 4
102 232 2
296 885 1
124 560 3
286 371 7
64 599 9
927 481 3
771 446 5
512 40 6
472 827 2
440 781 5
755 357 2
736 855 9
579 127 4
208 491 2
185 405 4
468 105 3
803 886 6
683 437 6
460 661 10
395 361 3
25 628 9
97 235 1
37 980 5
881 959 8
287 749 9
387 368 8
199 702 6
681 865 6
373 981 3
400 292 1
686 223 2
170 889 3
333 264 5
340 126 1
474 922 3
73 933 4
61 327 8
236 859 3
676 702 8
157 723 1
51 64 10
113 933 10
906 284 7
805 60 8
835 666 3
385 836 5
609 111 6
678 427 2
161 303 2
527 510 1
156 19 2
306 904 7
27 743 4
156 182 6
136 203 3
776 292 3
113 251 5
78 586 1
841 657 8
789 803 7
228 624 9
100 478 8
159 291 8
644 135 3
723 105 4
378 683 10
785 692 8
374 913 9
451 111 3
547 450 10
962 522 8
359 198 9
573 396 7
273 362 7
319 849 4
915 501 6
368 804 3
416 401 1
273 772 3
799 853 1
190 301 1
906 219 6
590 107 10
124 536 9
627 928 1
655 94 2
166 750 2
616 226 2
597 669 8
517 364 6
394 876 9
393 862 7
860 451 1
41 479 3
647 835 2
135 550 9
194 475 10
888 111 3
669 115 1
42 802 9
131 844 8
169 54 1
349 711 4
300 387 2
391 964 2
738 75 10
685 510 4
137 644 4
993 13 6
471 880 8
698 646 3
599 120 6
224 125 5
553 376 9
315 530 8
828 809 4
857 917 5
523 913 5
190 174 8
546 834 6
246 302 4
20 887 4
768 789 1
989 407 1
525 655 9
401 911 5
893 427 5
38 61 6
34 800 6
253 918 9
766 246 8
399 395 1
452 895 9
585 592 9
2 971 2
631 716 10
41 459 4
496 434 6
183 15 4
986 176 4
324 955 8
280 603 6
612 123 1
322 693 5
236 53 1
736 376 2
34 516 1
287 308 5
968 123 6
153 397 3
810 958 6
156 108 9
919 632 7
679 78 10
523 10 1
653 379 10
741 355 2
82 562 4
380 282 7
760 881 5
222 816 10
456 211 6
224 261 1
370 665 7
395 792 3
281 184 5
82 65 5
90 892 5
989 54 9
812 366 2
356 867 3
338 739 6
570 11 5
276 268 1
835 642 3
208 560 2
743 699 8
228 376 6
92 264 6
16 247 9
197 554 7
436 441 1
704 126 6
838 151 5
98 995 7
678 388 4
433 402 2
613 633 2
188 688 3
107 912 6
732 27 5
956 384 10
723 527 3
970 828 1
254 667 7
675 883 4
106 515 8
981 236 7
313 687 3
83 417 10
78 975 1
231 204 7
764 696 1
927 574 7
393 533 7
913 142 10
280 858 5
223 765 4
40 234 10
296 137 6
27 130 2
274 847 2
3 199 5
821 722 7
399 727 3
709 256 9
969 354 8
435 399 7
606 179 5
433 775 2
893 240 2
993 276 8
196 576 5
475 697 6
378 589 8
82 914 8
544 983 4
532 543 6
964 518 8
139 606 1
47 375 2
609 290 9
802 394 2
743 434 7
609 872 4
627 923 8
968 223 5
269 53 8
18 293 6
80 869 7
723 498 4
277 77 3
138 144 7
747 99 6
395 752 1
831 442 5
699 137 10
995 164 5
727 215 8
114 417 9
335 532 7
655 128 5
158 912 10
296 486 3
915 760 3
532 302 10
775 770 5
71 105 4
692 519 8
982 909 3
738 125 7
618 483 1
526 378 6
540 68 6
176 616 5
838 935 7
947 522 10
257 25 9
823 570 3
404 864 7
691 715 2
128 887 1
579 452 8
134 465 2
273 595 3
659 356 3
41 371 1
592 889 9
968 836 1
978 799 10
10 518 3
223 893 1
541 375 4
404 128 5
194 47 8
287 191 10
575 502 9
344 505 1
764 689 1
730 11 5
854 848 2
993 521 1
200 831 9
8 637 4
167 39 5
549 902 5
776 753 2
753 492 9
530 800 7
769 828 5
116 166 6
591 22 3
806 326 2
97 322 6
538 953 4
886 84 10
525 892 3
998 22 7
557 359 9
268 214 10
617 583 2
809 191 6
111 6 8
755 926 2
560 792 6
812 398 6
437 936 3
671 448 4
456 741 5
775 105 2
880 202 7
195 836 9
667 448 2
697 731 9
133 962 9
849 933 3
957 164 1
552 331 8
583 690 4
804 33 3
703 250 10
933 581 10
533 315 9
759 159 2
990 58 5
961 108 9
844 253 8
180 515 5
302 177 7
388 946 5
350 227 4
988 29 3
118 770 10
316 720 5
335 992 5
584 195 6
726 209 9
510 943 9
94 895 10
910 538 9
699 8 9
284 90 3
887 916 1
658 601 10
538 852 5
539 836 4
740 892 3
757 596 9
673 716 8
269 636 7
626 756 9
520 114 6
92 645 8
120 511 4
758 883 4
848 809 3
405 421 2
276 287 5
963 716 5
140 537 7
843 290 10
66 682 8
855 990 7
948 897 7
475 985 8
735 194 1
854 612 9
586 39 3
530 48 3
379 276 4
313 487 4
283 563 10
162 143 7
644 111 6
523 666 6
957 450 3
95 748 2
974 324 3
367 844 6
599 741 8
847 366 8
465 806 3
472 668 10
291 763 5
951 449 4
183 907 1
11 309 3
229 987 4
880 807 10
936 210 8
64 72 3
14 359 10
517 133 6
722 937 1
470 203 5
626 795 7
815 537 7
649 498 10
165 858 2
366 708 3
229 245 10
134 959 4
244 930 8
277 839 3
548 746 4
178 633 8
6 114 6
574 772 6
801 612 6
536 64 4
262 340 7
695 810 8
405 573 3
25 107 10
288 778 4
392 516 7
174 71 3
385 371 6
554 785 7
368 132 1
772 601 10
967 757 4
967 205 2
425 182 2
734 607 7
932 970 9
296 796 10
527 495 4
347 143 7
55 215 5
704 773 9
217 355 6
943 360 7
343 435 6
786 172 5
30 332 7
404 771 3
475 385 8
674 690 2
124 39 5
734 404 3
765 92 3
484 942 3
809 392 7
766 148 1
538 470 8
469 598 1
405 703 8
507 600 3
45 975 1
837 615 6
297 246 3
6 285 4
143 170 6
566 339 3
8 39 4
90 539 2
974 731 9
869 754 2
208 448 5
617 158 10
126 564 3
583 651 5
179 422 9
657 673 3
768 616 3
560 346 1
961 757 2
465 857 10
102 179 4
139 391 2
428 476 2
253 343 6
645 256 10
934 926 3
308 419 5
216 931 4
53 33 6
502 799 8
632 867 4
907 91 4
27 505 4
856 343 10
698 772 1
547 732 4
849 462 5
111 299 5
971 421 1
339 97 1
501 192 2
74 610 3
346 725 7
242 386 3
954 111 4
308 229 10
972 896 6
794 526 5
77 143 4
612 665 1
450 787 8
608 663 7
473 10 3
459 34 10
380 221 2
566 175 5
130 718 8
256 258 7
143 6 7
590 260 5
794 243 5
441 493 6
808 239 3
463 699 8
491 919 8
18 258 10
690 35 6
382 618 4
318 181 2
421 859 9
43 571 7
6 601 10
103 489 7
706 238 4
973 250 5
731 629 3
814 832 9
50 768 10
425 209 6
218 837 1
680 233 2
411 787 10
39 355 2
811 722 1
88 632 3
893 410 3
729 712 9
387 182 7
295 520 6
899 711 9
754 591 7
589 86 4
527 511 2
407 419 3
397 209 2
706 451 2
77 69 2
410 964 6
136 985 4
977 688 9
688 906 8
460 5 5
926 541 8
203 939 4
824 506 4
932 484 3
282 389 6
181 666 3
859 974 2
831 637 2
488 768 6
527 474 8
13 941 5
213 457 10
233 91 9
101 110 3
128 208 5
319 309 7
897 778 7
42 426 4
809 693 1
624 415 5
313 756 2
107 770 5
243 39 3
326 572 5
605 517 10
839 223 9
702 190 1
262 600 9
21 628 1
109 319 4
910 404 10
495 716 5
612 492 9
512 165 4
179 208 1
287 770 2
503 396 2
196 299 2
76 225 10
435 818 5
404 236 7
751 954 3
885 981 4
787 393 8
903 733 5
905 945 8
149 803 9
192 741 6
66 257 6
178 581 7
899 520 4
23 77 5
917 43 3
240 823 10
414 734 7
881 234 1
259 303 7
518 587 1
247 146 3
174 103 1
813 610 6
565 65 7
103 926 4
539 939 7
89 883 3
91 556 6
483 936 8
229 846 4
938 441 1
160 874 4
936 474 1
8 726 1
751 136 9
757 307 3
232 136 3
5 517 9
749 717 6
613 14 2
399 609 3
337 693 6
794 18 6
161 921 7
830 70 8
877 426 5
718 213 6
226 177 6
441 181 8
56 700 2
848 845 2
699 16 5
615 762 9
21 950 1
663 685 1
586 292 10
970 130 6
338 772 6
566 290 4
424 591 6
667 205 10
709 296 4
59 100 9
335 315 6
1 182 6
451 181 2
729 281 10
78 73 7
573 952 4
586 240 9
924 476 1
293 188 6
161 98 1
397 955 2
728 895 1
202 512 6
979 585 5
431 893 10
408 995 10
61 435 3
108 86 7
812 414 2
605 371 2
287 90 3
222 169 4
54 15 2
841 723 10
354 123 4
341 971 1
227 1000 2
478 620 3
931 191 10
591 143 10
758 427 8
120 669 5
727 981 7
223 757 3
565 519 3
542 569 6
281 662 2
86 787 4
161 728 4
542 869 5
716 498 5
356 248 3
945 715 6
409 516 9
848 639 1
467 994 8
468 849 4
928 271 4
702 596 6
549 262 2
535 868 6
474 731 5
880 567 6
432 709 2
111 421 10
315 708 1
641 223 8
859 667 10
581 188 3
229 144 1
123 586 1
699 219 10
339 111 8
790 21 3
313 890 9
578 542 9
788 601 7
817 16 9
290 338 8
800 479 1
120 574 7
382 264 5
527 796 2
513 920 7
921 88 1
792 483 1
48 325 9
144 476 2
642 68 1
84 584 2
700 977 8
733 519 4
171 651 3
435 469 2
634 836 2
798 691 8
212 591 1
72 574 8
954 109 4
689 984 8
895 972 10
731 912 2
152 568 5
920 529 5
509 982 6
509 730 2
868 713 5
926 581 10
366 393 5
158 902 1
365 951 5
367 915 2
169 897 10
914 548 9
383 52 6
40 157 7
507 244 9
476 265 8
945 314 3
912 251 3
5 82 1
943 867 3
589 811 9
410 1000 7
160 518 8
808 422 1
756 484 8
927 318 2
733 756 5
138 460 6
924 47 5
215 201 8
977 238 9
103 56 8
511 101 9
351 900 5
298 44 10
902 940 6
427 433 2
698 536 7
453 612 3
6 233 2
814 515 1
970 324 5
152 48 1
760 591 8
11 642 9
488 669 10
658 525 2
972 546 1
272 328 5
181 158 4
793 105 7
721 309 7
933 105 1
553 243 2
132 364 5
396 932 7
195 561 1
777 154 6
205 193 6
358 491 8
441 682 9
445 556 6
970 339 2
416 756 8
732 397 1
119 644 2
595 754 2
280 602 2
297 83 1
626 901 7
900 11 5
317 927 4
4 106 4
224 934 9
934 962 8
574 580 6
288 229 4
240 504 8
976 807 4
775 505 3
783 408 7
842 312 2
331 936 7
16 290 9
863 325 4
887 625 8
41 498 4
626 349 8
842 426 9
216 366 7
282 44 3
59 592 3
64 607 2
511 442 10
387 840 5
732 314 9
401 751 2
835 725 9
292 275 10
265 471 9
8 749 3
886 341 9
521 591 10
41 325 2
276 306 4
960 934 1
762 339 5
655 861 9
739 129 9
703 425 10
86 473 3
501 992 2
623 69 1
134 467 6
662 408 5
874 603 3
184 614 1
270 390 10
403 138 7
151 173 10
82 237 2
579 38 1
418 163 3
797 126 8
557 83 7
26 890 6
791 394 8
492 488 10
396 510 2
401 690 9
873 147 10
880 196 3
757 431 8
707 187 6
835 586 7
337 742 1
571 368 10
930 356 5
311 26 6
131 714 8
187 602 4
415 314 10
628 173 1
120 871 2
121 645 9
836 764 6
139 321 5
634 977 5
139 274 8
761 637 5
954 226 4
340 955 5
628 785 8
188 733 7
958 485 1
978 58 5
839 344 6
414 348 10
668 427 8
730 336 10
838 414 1
276 695 6
144 317 10
927 851 9
824 232 9
499 702 4
158 191 7
966 506 2
779 706 5
316 758 4
492 631 9
886 909 6
253 20 10
186 744 8
455 145 6
773 947 2
752 145 1
781 965 7
343 977 3
1 139 3
840 610 6
610 943 6
452 569 9
581 709 1
704 464 8
679 204 8
486 635 2
621 926 6
223 375 3
789 627 10
685 857 5
883 183 9
601 30 6
724 472 4
942 235 2
36 439 4
681 795 7
542 100 6
753 472 8
247 338 1
239 109 1
90 809 2
757 442 10
501 672 4
500 897 3
740 577 3
166 108 2
591 209 5
562 648 1
742 617 1
81 523 3
842 735 7
523 755 8
559 200 4
826 5 1
690 168 1
448 646 7
653 812 8
354 790 6
831 206 6
16 360 10
241 405 9
425 612 2
561 422 8
405 54 10
759 46 2
760 742 7
789 410 1
573 640 9
810 334 8
678 975 1
404 861 2
532 182 2
562 89 1
438 902 6
526 405 10
366 96 5
821 250 6
580 733 9
102 760 6
993 590 9
747 228 10
754 524 8
780 727 1
113 263 2
932 894 1
744 460 10
676 98 3
396 798 6
50 800 10
247 531 10
530 157 6
360 651 4
171 330 4
754 911 10
377 771 5
587 379 10
202 68 4
659 168 5
489 193 5
645 757 4
114 477 1
132 815 4
383 985 1
769 169 5
997 983 6
315 982 9
488 539 8
659 697 10
734 384 7
674 749 6
844 181 2
103 244 10
214 232 8
495 506 9
785 694 1
825 480 5
507 748 9
941 545 2
729 241 7
981 131 3
940 378 7
470 131 2
702 696 10
400 541 7
376 505 5
720 803 1
862 51 1
949 853 4
523 221 3
988 46 4
271 390 9
108 392 5
772 870 6
54 857 6
598 880 9
224 140 4
75 92 2
151 953 2
904 683 5
903 438 3
734 747 9
794 159 7
881 370 10
278 515 5
167 970 4
185 488 9
443 278 9
831 394 2
659 147 2
703 355 2
667 303 4
634 549 9
770 579 6
309 255 6
838 363 5
212 692 10
916 970 10
619 752 8
415 938 8
154 224 5
804 472 10
840 619 6
743 915 8
513 605 7
267 583 10
11 467 7
26 927 2
756 159 7
957 929 4
218 63 10
421 964 6
397 738 10
153 659 7
984 650 2
157 210 7
476 598 4
923 171 1
628 295 3
221 901 5
937 209 6
817 365 4
871 740 1
368 150 9
216 426 4
873 519 6
701 132 2
159 365 5
979 506 1
881 595 10
659 424 3
415 706 10
796 870 4
282 796 7
483 665 3
787 170 7
509 218 5
126 346 1
299 694 8
991 549 9
931 454 1
857 110 1
4 601 8
128 923 1
64 375 1
375 986 6
228 130 10
246 856 2
144 630 5
327 649 6
535 451 10
441 12 4
80 475 9
216 173 2
604 770 2
537 322 10
137 537 2
939 692 10
178 350 3
999 82 8
750 498 6
724 991 9
867 637 9
38 408 3
17 985 7
732 920 9
739 425 5
541 532 2
28 993 3
394 226 1
885 847 9
331 939 3
355 328 8
655 208 2
982 642 6
324 689 7
170 547 6
865 638 3
654 480 3
54 577 5
676 685 1
912 178 1
688 616 3
205 676 7
232 486 3
255 402 10
964 158 10
897 584 1
359 618 4
867 164 4
69 900 1
575 416 7
614 742 7
175 997 6
81 173 1
797 408 3
246 754 2
181 73 9
20 342 6
902 7 9
869 316 9
436 401 2
291 407 4
452 266 5
214 390 7
644 726 3
839 194 2
929 913 10
258 9 8
239 951 1
958 495 8
823 395 5
872 724 4
95 285 10
82 527 9
41 127 8
534 147 8
434 528 3
594 281 1
273 528 1
667 318 5
439 983 10
257 446 6
459 969 5
501 439 7
466 146 7
258 866 5
167 587 10
198 520 8
536 853 6
115 361 8
305 640 5
734 159 10
672 656 1
763 278 3
924 592 3
704 40 7
394 881 6
567 46 10
885 623 6
704 177 4
841 260 2
915 896 6
342 802 7
142 352 1
466 225 8
643 746 10
472 155 1
595 700 6
110 993 7
101 532 1
160 537 9
795 800 5
791 558 5
47 712 6
127 158 4
420 66 5
301 15 9
940 757 5
876 480 2
20 701 4
385 643 2
520 953 7
168 362 1
774 767 4
408 478 7
588 771 7
118 471 4
254 708 2
70 778 5
401 909 6
469 246 8
300 154 3
605 328 10
321 87 4
724 81 2
945 420 6
732 529 6
34 924 4
946 337 9
46 971 6
497 392 10
288 87 9
99 726 9
320 289 5
334 92 10
654 626 5
191 771 2
703 545 8
692 958 6
895 780 1
906 863 6
490 636 1
964 571 6
474 635 9
41 657 2
468 906 8
538 714 9
184 191 4
34 826 8
908 502 7
151 980 10
802 316 4
593 607 9
908 708 5
809 847 6
444 442 7
461 546 8
394 317 3
547 114 4
794 692 10
141 367 7
444 411 1
501 397 3
229 607 8
47 109 1
244 475 3
878 578 3
186 652 6
214 371 8
977 153 3
712 96 7
740 220 6
211 208 10
439 514 9
638 597 6
464 809 7
758 553 3
868 106 3
242 543 8
411 119 7
199 265 4
206 622 1
265 401 9
777 792 6
779 548 3
169 719 6
146 112 1
476 174 7
439 992 10
313 576 9
794 53 3
764 806 8
245 162 4
217 895 2
614 304 10
962 121 4
961 428 8
584 940 4
66 162 2
382 794 1
222 95 5
93 189 7
384 603 10
900 204 4
458 863 2
364 890 6
895 29 7
205 28 8
71 879 9
495 845 5
204 322 2
68 799 2
131 646 5
77 553 7
42 794 2
266 428 6
889 489 10
49 173 2
247 504 10
120 941 4
69 756 5
934 233 2
625 761 1
439 373 8
567 391 2
906 340 4
788 604 7
904 606 10
680 46 1
666 391 6
569 116 10
276 686 1
393 27 6
677 774 3
232 813 7
738 207 3
687 386 8
895 870 10
996 269 7
337 457 2
568 108 10
596 988 7
581 705 1
473 367 7
70 813 2
218 636 4
131 461 3
869 739 5
228 788 3
253 164 3
702 614 3
883 880 2
580 26 8
593 273 7
65 311 4
269 143 2
307 539 6
949 717 3
919 25 8
167 811 8
824 589 7
761 674 6
507 617 9
775 564 2
337 770 6
564 617 1
918 139 4
444 543 6
880 524 7
568 532 6
718 779 9
48 268 7
571 321 8
697 115 7
506 20 1
713 914 7
374 483 1
467 601 4
160 352 2
485 740 7
870 966 2
815 812 3
700 426 6
361 979 7
640 441 8
781 13 7
164 734 9
161 329 7
216 326 3
838 178 6
455 816 4
568 941 3
570 792 6
470 518 6
754 801 2
578 937 6
157 130 10
329 974 9
506 901 1
922 56 7
820 599 9
581 885 4
523 40 6
198 808 6
843 769 7
726 290 9
662 176 8
941 441 1
577 855 6
20 762 2
238 882 9
568 401 5
860 418 10
968 139 7
870 774 1
804 696 3
1000 603 4
797 202 10
773 156 6
493 17 2
811 308 3
923 281 2
180 210 7
133 628 9
743 402 2
165 792 3
974 789 9
123 788 8
572 364 9
625 573 7
572 848 8
703 482 4
426 10 8
753 285 6
599 347 8
60 507 6
576 923 1
80 795 6
561 431 2
125 969 4
465 656 10
654 927 4
392 940 3
412 11 6
610 33 4
755 580 3
680 311 1
972 11 6
656 891 4
69 572 10
697 644 1
738 981 7
616 423 7
973 552 4
958 163 5
796 431 4
386 894 10
749 181 4
9 956 9
907 490 2
126 883 3
51 630 7
290 97 3
114 574 4
301 191 9
908 977 5
4 50 2
61 729 3
447 777 3
44 9 8
308 106 2
932 318 9
912 574 4
75 616 3
266 552 1
482 55 10
324 470 7
660 58 3
46 885 4
465 265 5
91 863 8
68 140 4
756 464 6
618 863 7
330 51 7
952 49 1
721 572 2
446 35 10
618 582 10
394 315 5
835 722 3
155 25 1
125 1000 5
26 509 5
149 280 7
938 374 9
495 436 1
389 631 9
792 634 8
549 908 10
8 417 1
456 919 3
578 493 6
203 594 6
610 740 7
374 371 6
349 805 6
955 992 10
871 419 10
240 139 8
509 504 4
378 729 9
513 882 3
111 58 10
55 581 7
832 348 10
298 619 2
282 763 9
666 973 3
374 302 6
827 930 8
438 645 9
651 635 3
653 207 3
640 405 1
264 176 3
189 106 7
179 501 4
997 699 7
277 415 10
446 24 1
716 309 10
380 598 4
503 2 8
176 100 10
262 778 3
173 551 5
199 719 6
971 373 2
294 826 3
408 238 6
926 348 9
371 655 3
835 68 6
522 152 10
920 77 5
558 67 7
366 923 1
65 398 1
980 320 8
31 384 8
542 60 5
491 374 8
653 588 7
184 203 8
309 22 9
440 762 7
752 890 2
488 152 1
455 205 3
447 755 8
388 67 2
537 655 5
922 831 4
606 335 7
210 600 6
965 444 5
890 707 1
265 194 1
738 93 3
703 11 10
1000 83 8
836 860 3
622 585 7
54 122 2
10 811 9
507 525 4
448 645 2
178 273 8
548 289 4
494 293 8
402 201 7
338 371 10
989 246 1
552 555 10
203 441 5
354 740 7
863 151 7
340 805 2
319 91 10
261 183 9
843 409 3
373 568 4
665 709 7
699 330 2
288 895 6
756 308 5
13 154 6
158 598 10
291 463 8
648 449 6
557 698 6
862 6 6
621 530 7
936 430 8
531 593 6
330 472 6
872 198 10
353 114 5
382 672 4
370 10 10
93 469 5
439 42 3
871 499 3
608 223 7
233 700 2
297 701 3
11 349 4
713 368 7
141 498 6
762 983 8
298 700 8
813 558 3
906 930 5
615 286 8
422 11 9
67 574 9
45 648 9
847 843 3
640 819 1
33 168 9
635 539 3
212 210 2
538 975 2
809 800 10
397 118 10
610 79 9
988 276 6
23 254 8
914 32 1
462 826 3
888 440 9
442 907 1
290 26 7
932 99 6
571 891 3
825 453 5
564 438 2
760 208 5
576 110 7
157 49 9
593 7 5
981 388 2
788 952 10
778 229 4
404 72 7
249 820 5
253 243 9
474 302 3
709 174 7
256 149 7
802 363 6
550 889 3
803 814 3
325 640 1
935 485 2
219 558 9
194 811 6
660 734 5
930 457 8
74 265 4
349 437 3
355 789 10
555 105 2
910 665 6
797 119 1
166 310 6
871 634 9
128 445 4
869 831 9
710 848 9
33 556 1
917 322 5
724 545 6
676 151 5
188 713 6
935 337 1
392 564 10
451 225 4
256 125 1
277 830 5
851 916 6
374 239 10
28 798 1
151 286 2
80 749 4
398 805 10
34 748 9
406 727 3
965 598 10
323 555 6
27 995 2
709 439 7
273 824 4
17 664 7
29 565 8
557 771 5
616 593 6
269 416 9
409 342 6
71 697 7
762 715 4
429 847 1
306 445 7
712 239 2
286 238 8
171 340 9
249 37 3
970 655 5
154 860 2
174 1000 10
558 587 5
513 424 2
603 206 5
353 535 1
281 42 4
189 466 10
523 860 3
250 587 9
903 202 3
959 947 8
917 226 4
775 957 1
284 219 4
56 650 8
83 967 8
726 145 6
669 70 5
969 764 8
638 259 10
999 36 7
263 622 2
834 839 6
237 93 6
837 799 10
774 300 3
253 741 2
209 931 6
609 993 7
740 40 8
506 97 6
792 437 3
314 351 2
26 858 8
40 744 7
358 157 7
455 395 5
439 695 3
575 670 5
408 576 7
276 215 3
244 972 4
18 973 10
353 750 1
413 236 1
728 317 7
609 79 9
896 605 9
88 462 6
860 364 3
959 543 7
320 420 10
496 310 1
531 861 10
355 944 2
614 376 4
853 1 8
472 754 6
182 310 4
596 173 9
278 619 9
551 796 5
523 409 6
755 239 1
87 402 10
243 526 6
146 17 6
802 145 4
710 322 3
537 283 3
370 119 8
466 311 6
432 637 1
821 185 5
432 442 6
250 546 1
609 509 1
856 168 10
274 623 6
941 922 4
620 555 9
147 31 10
387 535 1
73 630 7
212 365 2
898 724 5
909 767 10
81 375 6
909 59 2
262 123 10
760 491 4
565 653 7
901 864 5
16 455 5
792 481 9
152 473 1
387 442 2
222 573 3
487 90 9
315 817 2
418 489 10
804 597 2
496 898 5
871 308 1
316 595 8
239 2 10
579 932 10
556 479 5
446 666 6
807 423 3
844 521 8
247 637 1
866 423 6
340 602 7
383 274 8
516 549 1
767 911 1
211 450 6
384 908 9
689 372 7
938 87 6
403 550 3
199 886 8
628 332 9
833 730 6
896 301 9
195 266 2
588 350 10
335 513 5
910 767 5
755 699 8
235 635 1
339 605 1
222 735 8
202 350 8
261 997 2
377 540 9
731 97 5
940 234 4
783 127 7
459 75 2
647 859 10
694 379 8
964 300 6
957 669 10
154 959 7
779 316 8
939 205 3
542 356 1
79 904 5
22 857 1
521 335 5
847 317 2
851 115 6
729 254 10
329 515 3
296 68 1
156 970 4
327 54 4
88 449 5
934 244 9
815 147 7
969 190 7
464 709 2
112 756 5
20 361 3
231 878 8
776 53 4
868 895 3
908 934 7
10 446 8
783 590 10
139 119 1
350 762 9
863 638 1
330 661 3
507 884 7
298 813 10
296 847 4
590 873 3
218 686 6
646 48 2
514 806 9
18 609 8
512 683 6
918 665 3
577 780 8
61 557 10
496 164 6
605 409 2
849 61 2
461 134 8
629 846 3
248 21 2
670 965 10
357 534 10
252 181 3
478 286 5
639 906 9
410 413 3
763 220 2
50 179 10
946 893 1
479 507 10
814 980 3
744 859 8
783 931 8
123 426 2
435 10 9
536 179 7
986 485 5
794 114 2
11 865 4
622 905 5
339 180 3
871 16 9
298 415 10
457 493 8
962 750 1
146 888 9
258 356 1
941 200 8
833 6 3
104 487 9
470 252 5
379 637 10
331 34 4
29 788 2
29 505 9
253 202 7
590 64 4
532 590 6
591 10 5
83 210 5
42 983 4
89 60 7
477 574 1
494 553 1
784 897 5
196 688 9
141 814 10
122 444 10
95 535 10
503 882 6
902 92 1
691 523 8
659 453 2
375 561 4
265 990 2
347 203 4
499 369 10
126 75 2
866 729 2
443 960 5
917 722 6
243 178 9
602 885 10
897 561 3
76 708 5
105 291 7
51 557 9
569 844 3
442 51 2
295 109 4
964 533 1
761 817 8
167 481 8
591 488 9
222 602 6
824 558 4
71 1000 10
121 778 3
625 98 3
682 799 4
939 528 5
301 715 3
771 889 7
301 214 5
36 387 4
29 489 1
163 595 8
656 977 8
607 641 3
517 685 9
368 708 10
585 710 3
166 281 8
437 71 7
662 200 9
150 225 7
432 598 1
999 531 2
791 464 2
467 701 9
769 278 6
560 526 10
366 888 4
721 447 3
956 561 7
791 625 8
791 232 6
484 332 10
367 431 3
636 731 2
719 545 3
64 358 7
119 533 4
967 297 10
844 30 9
124 252 7
962 355 5
745 382 3
486 67 8
686 646 10
449 667 2
222 239 7
787 452 8
260 309 5
190 307 3
887 692 3
860 635 3
887 181 1
194 296 6
234 216 1
374 899 1
488 350 8
478 425 1
181 573 8
410 445 7
930 944 10
360 532 7
225 487 6
760 471 7
975 325 4
524 173 9
541 219 10
710 876 6
760 8 9
342 335 9
204 14 8
810 710 9
376 305 8
771 81 4
986 177 5
428 413 5
816 410 2
881 470 4
903 539 7
817 357 2
507 243 4
157 203 3
127 48 10
109 982 3
422 198 8
415 692 10
35 203 10
749 887 2
698 826 3
393 583 10
669 496 9
496 121 2
693 351 1
216 224 2
181 762 6
186 91 5
127 790 3
713 390 9
459 217 1
592 821 4
781 718 2
495 837 7
787 807 9
643 693 2
325 528 5
549 26 9
687 643 8
945 772 10
780 205 1
936 262 7
623 315 9
876 485 7
819 222 8
506 925 2
283 474 3
656 177 1
38 427 1
976 883 9
908 173 9
909 820 8
87 329 9
887 882 6
325 818 10
928 512 2
54 439 9
669 880 3
434 396 2
59 787 5
642 669 9
181 5 5
857 861 6
102 307 10
755 731 3
119 168 9
885 148 9
780 346 2
184 322 10
38 425 8
671 490 7
795 623 2
585 149 1
367 814 8
255 743 6
962 874 9
245 349 3
971 267 7
703 808 7
345 322 6
677 959 8
200 618 7
776 250 8
877 149 8
120 359 5
984 675 10
261 926 5
268 390 4
954 540 4
77 347 7
171 324 1
618 670 2
555 357 8
861 659 9
873 658 5
448 105 2
393 29 9
640 657 9
218 689 6
880 784 6
244 114 8
98 303 4
349 12 4
466 959 5
191 296 10
991 45 10
856 483 4
42 345 8
791 605 4
94 163 2
555 861 2
4 447 10
304 857 4
951 884 8
28 862 5
752 238 6
622 108 4
809 281 9
328 970 5
620 483 8
176 523 7
298 755 1
685 563 8
154 57 7
792 353 5
223 671 5
972 966 6
601 880 8
331 822 8
821 473 5
955 180 6
317 362 6
497 369 1
339 752 9
710 729 6
882 172 4
880 638 6
364 524 8
901 205 3
55 321 7
993 685 9
411 779 2
214 901 1
390 990 5
910 211 10
580 291 8
37 401 3
278 405 10
70 226 10
958 104 4
911 676 7
689 439 1
374 856 1
250 176 1
255 180 4
512 26 5
523 167 8
422 545 9
195 267 9
221 861 5
393 293 10
897 925 4
848 68 7
164 989 4
40 509 6
956 673 8
43 98 5
911 760 3
56 232 4
51 550 10
644 277 1
398 328 9
764 402 9
408 785 4
55 948 1
847 529 3
865 613 1
421 523 2
571 71 4
138 199 3
430 105 4
327 701 2
956 470 10
624 264 4
65 730 2
992 458 4
901 151 2
853 910 4
433 742 2
924 152 3
654 724 1
947 32 7
646 465 1
712 491 3
665 87 1
679 193 7
230 976 10
65 645 9
513 942 3
620 462 8
908 207 1
110 836 10
934 500 3
540 441 5
699 106 9
914 768 10
88 18 1
140 517 6
683 804 3
569 767 5
432 706 3
491 428 8
687 826 9
665 937 7
744 688 5
968 751 2
194 114 10
327 423 5
212 66 1
777 498 5
768 291 5
513 835 6
754 363 3
850 928 5
531 647 7
79 526 7
708 574 5
243 340 1
130 264 9
891 234 2
154 832 4
806 95 6
89 723 3
255 994 6
968 178 4
476 600 7
9 192 3
252 418 2
481 350 1
297 642 6
916 350 1
630 117 3
22 498 6
935 174 6
128 929 4
242 202 6
909 364 5
444 632 3
89 374 6
954 46 4
532 474 3
383 209 9
663 200 1
912 454 2
452 780 4
229 70 5
853 986 2
400 119 4
234 695 7
633 784 2
253 922 7
400 647 10
339 880 7
680 885 4
47 442 7
452 733 10
23 912 5
436 481 1
718 90 8
490 997 2
58 761 6
8 167 8
347 742 7
459 310 4
358 40 10
324 216 10
330 435 8
875 14 8
505 78 7
401 715 2
628 812 1
866 677 4
127 237 2
184 449 7
946 672 3
153 941 2
604 392 10
829 966 4
309 380 9
307 662 9
145 518 5
388 179 9
952 392 6
280 760 4
234 806 2
454 873 6
651 925 10
402 484 2
704 839 10
509 248 3
576 624 9
760 554 8
632 386 2
152 890 3
592 819 6
193 262 10
638 673 6
447 271 4
781 970 6
235 866 3
136 273 2
538 750 4
27 794 4
358 163 2
723 705 3
471 673 6
313 749 6
698 359 7
525 741 5
570 172 2
679 972 10
944 303 2
858 282 2
197 52 3
190 111 9
227 340 1
413 12 6
70 322 10
819 774 8
108 212 2
225 129 9
464 254 10
518 142 4
64 775 7
177 316 8
470 104 3
513 16 9
949 658 6
536 570 6
215 138 1
166 582 1
832 280 1
119 248 8
778 654 9
910 855 6
234 952 8
450 556 8
584 86 4
729 763 10
515 90 5
712 747 4
760 129 1
90 481 4
361 826 2
700 739 2
291 977 4
167 176 7
547 826 3
978 763 7
160 253 9
515 88 3
422 659 5
589 452 5
864 51 5
436 771 6
828 726 4
898 446 10
513 77 3
928 70 5
154 130 1
630 94 8
374 954 9
496 721 8
907 882 9
39 13 8
715 440 9
955 857 10
890 835 8
654 592 2
574 535 9
473 248 1
774 998 10
656 107 9
375 490 2
458 261 1
671 920 8
129 646 6
909 496 4
487 192 3
692 862 8
253 877 4
847 876 9
866 321 7
525 73 2
47 603 4
196 373 2
282 700 3
159 233 7
340 9 3
96 707 6
880 376 1
472 613 1
865 408 5
961 541 5
282 102 7
956 123 1
184 746 9
60 333 8
955 372 2
472 348 2
701 260 2
595 403 9
271 334 10
807 590 5
614 72 6
645 493 8
591 281 4
598 465 3
219 922 6
3 85 5
280 82 6
494 32 2
438 997 8
85 494 8
455 964 6
151 284 10
199 900 2
640 380 5
194 339 2
57 593 3
95 373 3
863 917 2
748 455 8
918 826 4
162 990 8
351 745 2
645 304 8
517 866 1
569 170 5
323 627 8
895 970 8
299 261 4
654 610 3
842 863 4
808 227 6
360 217 4
315 772 2
160 689 3
920 514 1
673 39 8
502 597 6
697 55 10
887 385 9
328 409 1
711 433 4
301 976 7
124 714 5
380 154 9
545 610 6
64 674 3
628 997 2
724 115 1
410 637 6
5 163 6
636 361 3
470 530 9
174 126 4
197 164 8
88 35 10
170 41 5
249 158 3
741 602 7
524 811 8
781 798 8
622 286 10
4 684 10
300 295 5
560 19 1
23 207 4
307 774 4
801 748 6
339 196 5
322 684 5
599 747 10
892 627 5
113 174 6
653 195 8
367 353 8
767 753 1
388 902 5
626 876 1
401 368 4
544 420 5
31 912 8
146 780 10
597 821 1
210 82 10
263 109 4
24 870 1
972 826 2
805 121 9
308 725 4
354 833 8
85 39 2
808 849 7
868 992 10
224 581 2
640 567 2
999 198 1
488 224 8
432 435 3
950 977 2
468 769 4
775 113 9
888 451 3
814 715 6
758 203 4
565 671 4
90 394 4
744 504 1
780 547 6
910 492 7
653 953 9
852 402 10
517 493 2
163 297 2
478 72 9
355 269 3
897 833 3
24 632 7
592 283 7
513 432 10
242 897 8
964 185 7
511 308 4
780 278 3
917 996 2
410 311 1
444 759 3
589 527 10
763 115 4
954 870 9
96 921 4
650 158 5
251 895 7
279 325 7
283 206 8
129 280 5
849 161 1
289 659 4
274 971 2
741 436 8
485 15 7
884 755 4
552 262 5
716 302 10
970 926 4
432 70 3
319 602 5
171 444 7
136 174 4
189 373 2
110 539 3
781 509 8
369 492 4
982 615 3
264 162 9
121 924 1
113 323 9
611 539 10
49 757 8
957 9 2
634 33 2
803 493 3
100 610 6
144 159 5
363 314 3
926 300 1
228 784 7
355 4 9
150 939 6
576 981 5
287 914 3
839 422 3
574 710 10
610 267 5
707 293 8
448 390 7
884 409 10
972 115 1
454 824 2
988 961 9
467 120 6
457 96 5
799 775 3
803 984 1
366 234 2
836 789 3
825 523 9
65 88 2
569 870 2
654 590 9
613 72 5
360 697 6
756 142 1
886 344 8
620 477 6
463 922 8
10 996 1
586 532 2
101 149 3
785 667 7
848 603 6
854 476 6
662 84 10
489 257 9
660 763 7
117 271 5
847 835 3
281 824 3
133 445 1
507 75 7
519 462 3
872 548 2
857 229 3
71 838 7
489 208 6
900 377 2
430 155 2
453 66 10
386 772 8
88 954 7
930 332 8
690 528 8
36 122 9
658 930 1
137 464 4
447 518 1
888 185 5
733 954 4
655 47 9
825 913 3
816 436 2
104 667 10
948 831 4
107 534 5
308 727 1
471 218 3
72 994 8
378 832 7
803 639 5
248 730 3
986 892 2
48 942 6
598 372 2
581 206 10
336 766 3
805 266 8
113 233 6
946 83 3
819 167 9
638 837 1
319 270 3
275 911 10
487 8 10
735 846 8
220 805 9
235 564 7
688 488 8
928 375 6
845 3 3
639 309 9
919 764 5
781 225 5
287 256 9
332 654 5
310 320 5
252 43 8
197 872 5
306 872 9
44 374 9
602 546 9
597 128 3
415 310 1
660 894 2
354 937 5
779 804 2
728 837 5
910 238 5
118 754 2
557 192 3
900 26 6
553 487 9
196 819 5
545 534 1
731 319 1
385 313 7
588 615 4
3 449 5
918 500 8
535 88 7
410 665 1
378 16 3
27 912 7
885 315 10
277 56 1
376 792 9
774 475 6
602 961 1
54 813 5
585 965 4
634 867 5
270 988 9
198 540 7
357 239 4
559 508 6
925 612 3
319 148 5
327 816 10
349 755 8
491 321 2
471 627 4
943 469 4
438 858 8
561 351 9
119 990 10
911 721 9
633 688 10
896 864 5
228 926 6
863 81 6
303 678 7
965 481 3
482 451 5
672 240 5
37 168 8
824 383 5
280 624 2
378 458 10
210 491 10
892 204 1
920 38 3
902 924 7
539 880 3
876 272 1
548 672 6
278 478 7
710 836 4
781 638 1
536 47 1
447 327 9
175 593 7
436 196 6
939 565 2
790 300 4
858 667 7
339 361 10
458 747 2
967 749 6
758 138 1
278 18 2
933 550 5
378 253 10
598 302 5
566 308 3
572 483 5
618 175 7
587 412 9
489 35 10
177 587 8
48 631 1
587 973 10
614 793 2
91 681 5
749 389 9
432 918 10
49 488 1
516 634 5
909 395 8
935 142 6
646 194 2
821 349 6
553 960 1
306 979 10
564 331 7
131 69 4
887 673 2
472 474 6
50 914 10
658 695 8
830 992 3
999 498 8
940 49 5
715 114 6
865 806 2
972 597 2
395 268 10
680 610 4
642 62 2
528 692 1
233 106 7
814 421 1
6 768 9
683 945 9
551 464 9
258 659 2
203 109 3
826 9 6
986 733 2
544 303 3
82 248 8
500 491 2
480 287 6
844 152 6
8 138 10
785 900 10
555 149 4
803 139 7
767 285 2
766 721 6
821 246 1
548 232 10
101 410 9
986 820 1
314 242 9
99 36 8
160 134 10
574 540 8
634 298 4
800 122 7
935 262 7
210 167 7
326 534 6
178 24 10
915 455 5
897 92 1
605 764 3
499 656 1
940 658 2
882 790 5
651 28 3
234 349 9
491 323 6
275 706 9
893 868 6
955 678 1
294 302 6
557 555 2
951 453 3
8 437 10
403 615 9
928 993 5
918 337 2
128 312 3
852 204 8
505 611 8
879 580 2
453 138 3
469 667 10
671 6 6
890 935 1
919 713 4
106 796 4
350 70 3
857 190 6
389 848 3
94 937 7
942 381 6
158 889 2
977 663 4
154 937 3
234 991 1
414 979 2
380 474 6
42 607 3
650 904 3
230 761 7
572 99 10
418 735 9
834 436 5
763 101 2
136 767 2
921 617 9
934 532 6
936 696 1
891 923 6
75 131 7
829 389 7
465 545 8
133 845 8
765 148 4
388 849 9
801 993 5
748 895 5
847 232 9
199 416 7
985 592 4
453 493 8
890 926 4
189 463 4
495 87 1
584 417 8
362 787 2
834 721 6
424 940 5
516 338 10
392 664 5
979 605 8
325 332 3
392 595 9
311 130 2
79 240 1
224 930 7
658 773 1
715 925 1
371 376 6
423 475 10
75 186 8
198 551 6
750 148 2
182 977 9
568 876 10
239 204 9
137 821 3
793 679 10
436 82 7
11 960 3
658 444 1
982 122 10
440 155 4
884 23 5
3 931 4
548 521 10
358 951 8
580 98 5
364 426 1
695 826 10
964 875 10
24 937 9
462 603 8
256 383 5
317 562 1
717 481 10
941 522 6
171 999 4
709 850 9
533 158 3
897 129 4
60 208 7
643 18 6
84 81 6
781 587 1
210 462 7
451 163 2
996 770 4
470 446 9
980 719 5
556 480 3
634 337 4
708 121 1
529 513 8
564 101 1
875 192 8
356 908 6
568 237 2
138 763 10
511 179 10
128 937 3
196 756 3
105 697 9
693 986 6
276 189 7
611 626 5
492 323 2
761 476 1
476 273 7
951 59 3
5 922 8
530 3 4
249 141 10
706 887 8
76 425 9
688 726 4
381 355 6
899 561 3
290 253 7
771 145 6
301 323 9
130 665 6
934 160 4
7 476 8
374 544 9
810 804 9
590 343 6
628 190 4
887 516 7
472 197 7
473 913 9
232 34 5
898 537 1
125 656 5
781 703 6
273 471 10
585 757 5
395 391 6
363 207 9
594 989 5
782 828 2
297 263 5
262 992 5
249 231 10
351 224 1
969 766 10
848 469 3
385 214 5
763 637 8
33 132 8
262 649 10
290 439 9
59 421 8
184 716 8
675 946 8
209 126 10
59 5 1
89 823 5
703 271 1
526 231 1
179 314 8
993 143 8
675 323 6
908 433 3
973 728 1
213 889 10
417 714 7
961 64 4
763 895 5
187 552 4
911 674 4
136 493 8
661 916 3
588 398 2
323 969 6
355 87 10
119 842 7
899 415 10
459 305 1
204 491 8
584 827 5
373 240 2
918 538 1
865 560 8
132 140 4
657 233 7
710 518 6
344 431 2
728 814 10
577 106 7
148 450 6
176 719 4
39 159 10
629 986 8
805 62 6
545 14 6
281 109 3
260 983 9
815 7 1
550 183 1
796 524 1
541 213 10
138 515 7
802 134 3
710 334 10
230 957 7
888 635 4
306 316 10
651 848 6
31 97 5
922 505 10
892 100 3
210 818 1
401 851 7
912 273 2
354 256 4
158 987 8
807 752 5
779 959 10
838 891 10
115 396 2
232 756 9
576 694 10
228 704 7
868 763 4
496 127 3
350 558 10
510 993 8
191 278 8
509 139 5
125 820 2
852 955 5
559 422 6
178 255 1
606 852 8
135 65 7
926 545 2
777 426 5
387 591 2
944 363 10
353 152 8
522 17 4
527 927 4
134 885 1
795 649 9
144 926 5
200 756 9
665 452 6
375 765 3
552 695 9
653 748 3
245 821 8
271 112 4
364 742 7
181 398 3
379 425 10
47 824 7
474 184 7
237 630 5
170 690 4
16 330 10
501 294 6
736 584 2
157 406 10
156 823 7
688 656 7
33 897 9
395 778 5
342 709 8
364 404 10
957 545 9
489 779 7
323 389 9
995 546 3
197 626 6
896 36 1
898 628 2
225 156 5
978 596 4
623 128 8
822 437 8
382 19 3
519 757 5
416 788 3
527 608 10
496 281 5
51 869 7
86 644 7
834 480 5
554 350 8
606 847 10
485 434 6
816 322 5
1000 261 5
396 603 4
689 903 2
682 161 4
778 187 4
209 654 2
667 549 1
477 635 4
142 897 1
564 866 4
612 303 2
688 431 6
981 561 10
535 166 8
663 795 6
565 256 9
511 137 2
64 269 7
909 708 5
391 473 5
683 491 2
68 598 1
577 884 6
649 527 3
341 434 7
33 299 1
973 424 1
378 561 9
719 932 6
748 33 2
786 873 3
521 319 10
641 39 5
524 666 7
185 710 1
120 678 8
463 759 10
95 393 10
850 473 1
187 930 10
814 551 7
912 406 4
694 330 6
763 379 6
778 231 9
407 968 2
684 535 9
712 804 6
343 997 3
845 943 8
7 796 3
837 355 2
961 795 9
326 294 6
422 890 2
437 961 6
264 497 1
540 51 8
449 381 4
681 377 2
245 622 10
340 882 4
536 439 4
612 54 7
693 701 6
76 303 6
914 483 1
747 642 5
66 215 3
391 524 6
417 10 8
164 78 6
781 352 2
472 641 7
960 582 3
788 175 2
557 167 10
935 163 9
104 966 7
679 983 1
982 722 6
7 417 3
616 128 10
371 981 1
908 588 9
76 925 9
383 450 4
588 471 3
49 265 3
212 446 2
570 504 6
226 406 5
884 557 6
180 480 5
942 888 5
466 335 7
499 121 3
415 474 5
84 898 4
839 253 2
563 118 1
111 204 3
447 92 4
848 965 8
936 364 1
251 615 5
638 933 8
95 949 6
503 977 10
610 441 3
325 655 1
449 866 3
145 547 4
825 328 10
912 544 3
296 755 9
217 445 3
955 940 2
444 14 5
748 45 2
881 180 8
787 196 7
348 854 5
130 768 9
943 12 7
93 363 1
356 88 6
42 829 4
362 880 2
810 916 1
661 95 9
964 398 4
874 435 7
216 848 4
196 245 1
525 738 1
217 75 3
900 62 7
605 813 4
42 242 3
132 110 3
729 443 1
198 858 6
356 96 5
873 9 3
453 412 2
590 249 2
869 972 10
104 314 10
9 644 7
21 302 4
224 26 5
12 70 5
642 719 8
143 999 2
58 911 3
687 976 9
761 370 5
528 534 4
535 226 10
748 313 5
102 193 7
106 649 2
685 85 3
359 342 2
253 6 7
413 463 10
328 549 1
112 818 6
363 252 2
147 89 1
615 924 2
632 929 5
327 438 6
924 42 4
633 196 3
810 359 8
370 189 7
549 438 6
964 4 4
684 687 7
778 75 1
11 108 2
32 608 2
388 847 8
960 982 1
841 530 6
821 63 2
253 759 6
378 100 4
659 836 9
700 796 4
408 697 2
58 80 6
897 570 6
222 228 5
514 697 1
488 827 2
776 170 4
614 792 1
242 987 3
714 386 8
604 44 9
101 352 10
719 253 1
434 214 9
180 802 9
660 431 3
92 639 4
933 270 7
539 229 2
216 882 9
660 292 9
610 10 2
143 462 2
269 119 9
459 295 3
406 718 3
20 288 5
376 314 2
50 154 10
146 400 6
304 547 4
333 762 5
825 297 1
430 831 7
484 459 10
225 340 1
307 887 4
575 732 10
419 767 7
95 26 6
884 940 5
883 444 9
975 815 5
621 46 2
6 696 3
479 28 2
869 714 7
280 558 1
9 986 6
56 441 5
725 981 3
996 721 3
955 950 9
169 729 3
189 809 6
583 500 3
28 705 5
734 327 2
804 441 10
748 417 6
582 478 7
277 777 6
813 411 8
299 847 4
735 510 8
965 9 2
64 937 4
229 624 9
58 825 6
24 452 7
351 818 8
231 506 5
288 935 2
889 404 7
955 322 2
547 629 5
273 514 9
6 8 8
523 894 5
223 626 6
499 683 2
823 742 7
673 889 2
116 957 7
505 507 2
864 797 4
899 66 5
426 538 4
748 445 10
511 10 4
532 527 9
105 30 1
559 550 5
708 347 10
491 866 2
591 602 3
799 60 2
50 935 7
182 431 8
433 678 1
348 682 3
360 392 9
662 88 3
880 363 2
965 414 3
108 621 6
384 474 9
584 218 2
797 582 4
157 629 9
276 810 6
395 892 5
283 759 1
776 792 9
738 409 2
994 51 2
499 5 5
924 279 10
54 546 9
355 379 9
860 141 1
987 64 7
845 995 1
290 780 10
998 158 4
343 418 5
504 18 9
186 199 5
318 993 6
103 93 4
762 966 8
699 636 10
714 58 2
250 386 5
359 750 10
740 968 8
356 636 5
124 994 4
800 756 10
817 730 3
859 38 1
925 380 5
751 894 2
397 964 4
478 380 2
349 504 1
669 868 3
278 902 7
319 296 3
913 635 4
212 243 2
492 251 9
270 432 1
407 477 4
452 953 1
142 169 9
310 186 10
250 933 3
830 391 5
63 561 1
492 637 10
766 275 10
493 389 9
425 797 5
310 128 2
909 875 2
649 282 5
783 780 8
772 856 10
20 372 3
813 603 2
630 338 9
336 869 9
63 981 3
322 556 2
361 498 2
16 202 1
404 80 6
598 859 7
770 468 4
1 64 8
347 997 1
888 155 3
247 238 4
660 476 5
486 806 7
132 696 6
421 818 3
169 50 10
858 612 6
151 123 8
201 210 10
295 77 8
182 95 6
856 403 3
727 349 8
144 735 8
716 332 8
100 260 10
191 567 9
322 942 2
125 94 4
192 791 3
276 308 7
34 923 10
438 920 8
316 989 10
139 469 5
997 925 4
665 997 4
639 217 7
189 610 1
458 640 7
131 560 2
301 494 9
704 979 8
32 603 3
572 410 6
763 164 9
430 544 6
981 922 6
823 723 1
186 735 7
394 543 4
674 702 4
712 349 4
46 722 8
59 498 6
282 249 6
711 973 2
717 806 10
459 752 8
254 950 4
648 235 5
256 940 8
924 642 8
158 211 9
714 502 2
991 299 6
806 101 2
850 556 6
620 523 3
895 167 5
596 840 5
244 941 2
911 319 8
460 512 5
707 701 1
250 812 4
651 900 8
179 882 10
892 75 6
59 112 6
428 715 2
571 97 4
376 394 6
34 413 2
539 531 6
638 265 9
937 395 10
253 662 9
243 719 7
387 242 3
366 10 5
809 441 3
971 308 10
775 95 3
427 604 4
295 881 5
451 180 10
540 745 8
12 718 9
919 212 10
362 65 1
111 569 7
958 881 10
319 752 10
846 851 2
538 355 6
445 638 7
659 880 10
525 958 3
166 278 8
199 507 5
432 871 1
432 882 2
958 199 7
868 516 6
749 523 2
913 185 8
319 764 8
364 872 7
74 679 8
403 151 6
812 110 5
682 537 9
404 186 5
881 231 7
477 125 9
140 830 8
920 900 8
821 204 3
949 897 1
867 609 6
970 787 7
919 647 4
260 675 1
215 291 5
718 405 9
567 87 7
312 869 6
413 611 3
505 47 6
168 441 2
862 854 5
70 552 1
710 603 8
599 385 1
187 603 3
990 937 2
890 68 9
952 119 7
942 932 3
152 921 5
269 750 1
878 846 5
312 199 10
564 300 2
409 53 3
734 614 5
652 884 2
23 504 1
539 658 1
103 210 2
876 267 8
271 786 3
615 280 9
96 978 2
983 667 7
652 469 7
222 489 5
891 877 5
632 217 3
1 966 10
846 665 10
504 145 7
516 894 3
101 142 10
156 658 7
965 538 9
463 873 6
359 484 4
997 272 6
476 605 5
757 338 9
312 365 8
626 571 2
542 561 4
263 540 9
463 196 7
967 300 7
557 36 1
176 369 6
418 55 6
832 643 3
456 692 3
860 287 3
797 134 3
302 371 9
460 757 3
102 815 8
549 860 6
513 31 3
444 239 3
421 35 2
51 947 4
723 989 10
682 953 1
834 366 3
32 853 7
825 300 3
815 39 2
244 763 8
905 156 9
741 471 7
700 605 3
591 472 3
117 188 1
898 127 2
888 602 9
674 381 3
625 516 10
80 5 5
881 195 9
579 533 5
794 282 5
471 598 7
425 988 8
249 698 9
992 223 7
512 916 6
304 105 3
864 941 4
365 435 2
856 75 10
795 915 3
565 489 10
452 248 8
827 994 10
644 677 1
437 873 3
510 799 2
746 752 4
961 671 2
330 616 1
15 489 10
67 42 8
837 954 5
177 5 8
766 375 9
617 157 3
978 232 9
346 202 9
824 7 6
884 438 2
668 630 10
958 576 10
748 193 6
257 569 2
509 7 4
378 140 9
972 970 6
967 171 7
528 471 3
353 97 9
16 86 9
491 604 7
625 167 6
476 668 4
935 785 1
908 373 6
42 435 2
351 484 2
877 904 2
113 101 3
926 293 3
489 651 5
922 342 1
849 32 3
133 416 4
823 171 3
630 462 2
640 237 6
397 739 9
980 198 9
244 377 9
474 359 10
954 29 4
376 916 3
751 552 6
991 224 3
870 67 7
589 488 6
700 8 3
927 948 1
950 523 7
648 135 6
775 441 4
3 412 2
353 441 4
378 914 7
829 406 7
26 568 1
504 144 5
671 839 8
132 870 10
746 861 2
512 900 6
591 869 7
995 927 4
937 358 6
656 945 8
524 915 4
793 153 2
100 104 1
552 766 9
585 506 4
340 945 4
703 501 4
506 957 5
670 862 5
732 509 1
375 275 4
299 649 7
934 238 9
906 96 8
906 21 2
934 124 3
690 787 3
976 371 9
329 293 9
678 188 6
528 418 10
156 968 8
974 791 2
843 249 9
186 690 3
391 155 8
834 634 7
196 777 10
123 947 3
601 127 3
543 161 4
20 423 7
975 129 10
676 203 1
510 474 10
474 747 1
448 633 7
731 268 2
643 449 3
73 745 3
836 682 10
261 497 2
186 407 4
598 549 9
216 921 9
56 92 1
550 953 8
331 85 2
51 631 1
883 243 1
274 615 5
772 60 7
408 462 3
340 571 2
485 998 10
649 257 5
259 780 6
857 651 7
56 815 10
30 449 8
417 115 7
68 289 9
992 711 7
722 195 3
931 511 3
828 482 10
227 924 10
120 50 9
891 945 10
114 782 8
556 990 8
297 65 1
931 525 1
29 149 8
852 811 6
350 38 1
528 137 6
330 967 3
248 795 1
650 867 7
761 322 6
774 160 2
822 191 8
849 184 10
772 32 6
90 176 1
971 286 1
31 616 3
433 386 1
366 593 1
521 505 10
267 77 2
945 773 9
498 465 4
217 796 2
13 265 10
612 355 1
252 847 9
878 138 3
281 579 1
106 542 1
727 697 9
912 914 1
449 617 10
779 135 8
922 76 4
659 899 3
737 47 6
278 517 7
310 946 3
578 580 4
159 696 8
971 226 6
214 248 8
70 703 6
429 796 4
849 703 8
945 808 3
558 18 7
119 270 1
847 157 9
358 200 2
746 875 4
83 523 4
625 455 1
783 274 7
942 707 10
946 148 2
694 743 3
412 131 10
472 529 6
750 823 9
581 569 10
224 642 1
255 840 4
372 973 8
896 729 8
474 54 5
1000 13 2
709 752 5
92 696 8
546 804 5
250 311 8
942 541 8
634 17 5
317 414 5
982 980 2
456 810 2
587 159 2
710 754 1
938 6 7
840 909 3
799 593 3
650 344 4
815 225 2
112 509 3
488 883 7
588 823 3
607 758 9
28 446 8
452 987 9
300 904 10
102 939 8
959 434 3
729 76 7
847 450 1
167 327 3
581 112 1
331 955 6
287 812 9
363 837 6
686 778 5
72 808 6
719 987 1
157 648 10
859 237 3
412 541 10
6 27 8
839 302 4
533 29 2
126 786 9
495 651 8
234 302 3
797 25 7
649 680 1
958 335 5
9 229 6
965 663 2
343 661 3
143 4 1
221 537 7
685 32 8
276 922 8
783 737 10
656 716 2
108 868 3
519 186 10
144 372 1
639 158 3
342 443 9
569 943 1
106 809 8
106 243 2
725 505 7
172 76 1
738 94 8
47 548 5
996 923 9
218 552 6
862 528 9
482 961 2
989 775 5
168 406 10
293 434 6
315 323 2
994 411 3
954 625 2
782 137 1
300 578 8
613 896 2
872 112 2
720 414 10
781 370 6
799 819 2
230 950 5
553 135 9
469 317 10
89 290 2
679 130 3
398 132 6
695 244 5
395 557 8
18 894 1
39 274 1
162 984 2
753 946 2
779 989 1
197 300 10
508 673 2
321 196 3
334 857 7
96 386 8
268 471 6
334 716 4
539 430 5
441 32 10
286 166 2
146 890 7
95 900 6
477 898 2
856 85 6
751 275 9
384 193 6
750 28 2
433 845 5
385 58 1
229 656 8
141 868 9
115 240 10
570 596 1
544 288 7
975 606 2
577 768 7
292 547 10
609 623 10
830 714 10
725 106 1
523 165 7
916 521 6
700 458 1
145 627 6
277 742 8
488 438 3
448 84 7
735 775 2
971 940 7
403 236 5
616 894 9
676 411 2
155 335 3
819 989 3
100 119 6
685 793 7
214 109 1
94 360 10
422 957 5
761 331 10
319 245 8
792 694 8
300 593 1
797 584 2
477 201 6
865 158 10
122 362 4
425 330 6
661 376 6
395 885 5
518 857 5
132 838 5
13 401 8
44 984 8
933 215 1
324 832 9
138 41 1
118 10 1
208 720 5
870 105 10
275 380 9
806 285 7
905 358 10
46 588 5
732 402 5
806 144 2
617 82 8
489 18 8
417 480 10
790 115 9
900 427 3
283 16 7
173 772 7
636 956 3
689 735 7
395 776 6
798 308 9
128 691 5
595 229 8
708 38 2
61 261 7
546 868 3
192 732 10
809 821 7
839 33 9
190 305 5
802 863 7
665 940 4
35 519 6
986 995 1
132 591 9
630 13 10
778 528 9
435 86 9
508 496 7
280 527 9
675 470 8
117 773 10
521 482 1
93 90 10
313 820 9
254 362 9
216 352 2
48 514 10
190 830 5
907 453 7
268 253 7
997 169 6
363 327 10
675 733 7
144 749 3
385 730 4
81 531 10
322 529 2
91 222 2
99 616 5
536 886 9
832 932 2
951 847 6
643 289 1
413 845 3
479 24 2
377 165 3
331 124 5
874 372 8
941 538 3
91 870 1
414 533 5
318 58 9
281 1000 4
632 645 9
592 105 3
69 730 3
779 510 7
496 56 9
158 980 6
16 920 1
541 389 3
828 279 5
369 474 7
2 284 4
470 926 8
562 256 6
652 750 5
867 189 3
353 844 10
440 356 7
875 50 9
913 55 2
129 555 4
568 619 4
993 345 5
404 542 8
426 130 2
904 532 5
105 928 1
960 658 8
530 780 1
498 489 10
173 12 10
889 133 3
861 25 1
459 199 9
270 56 4
323 915 7
887 437 6
620 840 10
454 207 5
396 33 7
595 546 4
703 693 3
443 898 3
365 257 7
81 279 10
898 669 2
60 785 1
165 123 2
201 549 10
353 943 7
638 287 5
270 958 7
452 841 4
745 237 6
196 159 5
897 331 1
709 138 3
238 547 10
31 900 3
243 366 5
565 932 10
477 80 3
137 213 8
516 474 2
638 911 9
780 119 5
409 102 6
448 807 2
133 600 5
492 844 2
724 527 1
410 950 7
457 864 6
225 566 2
493 571 4
701 527 9
383 186 1
57 852 8
478 385 3
741 25 10
618 889 2
997 391 5
883 422 2
380 681 3
921 952 1
40 108 6
769 620 7
884 912 1
648 152 7
885 743 3
9 94 9
841 575 10
110 833 4
514 691 3
64 952 2
873 363 10
305 371 4
453 15 4
963 765 7
929 543 1
683 548 2
206 640 8
658 852 3
637 592 6
717 914 8
13 344 6
210 40 3
245 286 3
837 294 7
109 405 2
830 704 6
961 921 7
43 564 10
14 848 1
798 534 7
726 286 4
804 318 7
722 336 3
365 170 1
187 220 6
734 506 2
937 432 10
399 472 8
474 442 2
386 330 2
178 504 3
801 259 10
321 287 5
421 385 9
425 198 1
435 554 4
459 670 4
393 302 3
516 642 8
21 730 8
247 965 5
317 874 1
968 828 6
730 357 5
641 179 6
742 621 1
919 974 4
816 360 1
613 838 9
779 771 6
251 31 7
327 916 3
252 657 6
649 525 5
223 470 2
117 632 8
45 769 1
633 265 4
122 741 10
797 177 1
508 938 7
979 53 9
129 941 9
715 88 2
933 749 1
270 216 9
112 714 3
912 813 7
966 408 6
94 186 2
786 934 5
292 341 10
816 590 8
395 61 8
895 696 10
519 646 4
745 794 1
243 793 4
103 592 8
127 74 4
355 693 4
949 42 4
411 560 4
79 14 10
906 670 2
846 533 3
661 509 6
51 238 3
957 15 7
97 911 10
501 134 2
749 901 8
317 646 4
614 706 5
262 50 5
415 719 9
760 521 2
136 715 2
721 952 9
802 575 8
580 846 3
532 626 4
186 41 6
883 586 5
919 130 6
16 610 9
95 462 3
244 924 9
381 730 10
59 231 3
820 777 3
194 136 10
727 250 5
339 183 2
783 908 5
4 960 4
225 272 1
563 700 7
531 160 4
666 814 5
596 247 6
515 799 4
259 508 9
507 341 2
449 93 4
958 86 2
431 267 3
165 90 1
585 596 4
732 979 3
649 837 4
900 6 7
887 381 5
760 213 6
374 351 8
758 938 3
707 58 7
673 411 3
805 369 10
514 573 3
268 711 9
968 781 8
62 175 8
570 70 10
360 609 3
598 454 8
298 438 8
642 475 6
864 210 4
870 462 2
117 819 2
408 415 6
740 100 8
809 613 2
911 370 7
600 101 5
259 613 6
158 969 9
951 20 5
158 901 6
288 757 7
426 660 5
551 674 7
940 442 1
646 256 10
94 309 1
172 648 2
180 192 7
45 758 2
525 626 5
433 987 3
729 713 5
866 36 9
162 886 2
601 671 2
999 14 9
842 345 10
748 639 7
463 849 9
958 875 5
565 674 5
263 56 7
51 331 4
725 74 2
497 92 4
904 217 4
695 194 7
559 710 3
776 746 4
508 890 6
405 586 2
783 800 3
454 548 10
407 221 6
254 590 8
320 270 9
782 881 7
694 127 5
145 682 1
975 161 7
159 906 7
6 126 9
554 862 10
363 80 8
650 716 4
484 470 10
338 788 4
316 821 3
873 679 2
907 503 1
863 272 8
368 895 9
809 596 7
653 734 6
792 607 3
687 275 10
489 134 6
717 302 4
727 230 10
482 841 4
295 779 10
715 683 5
483 556 7
584 759 9
867 63 9
472 361 7
247 734 5
654 581 2
168 199 2
324 465 7
514 103 2
275 964 7
314 924 6
418 765 1
937 859 9
884 639 4
735 682 2
133 208 8
694 741 1
972 573 1
394 627 2
257 392 9
567 794 7
391 763 2
35 291 10
373 136 4
346 51 4
308 666 7
697 289 3
734 584 2
511 385 4
240 841 8
468 917 8
221 173 5
564 343 7
153 773 2
980 318 2
881 854 7
182 422 5
859 288 7
788 249 8
882 8 6
554 963 9
25 250 4
949 282 3
258 810 5
318 781 10
545 40 10
311 653 1
261 630 7
398 782 9
963 670 2
789 952 1
353 69 7
929 655 7
125 278 5
804 66 3
456 870 3
992 842 3
424 319 10
232 314 6
654 237 10
4 257 8
939 489 6
349 505 4
87 34 5
462 83 9
582 907 10
242 573 2
142 769 3
245 604 1
253 791 6
906 443 9
196 602 3
561 525 2
363 299 1
828 217 5
927 55 4
916 367 9
374 36 8
88 361 5
134 532 3
61 185 4
330 274 3
321 530 7
698 843 3
893 968 10
774 613 8
795 199 5
201 714 1
341 751 4
8 898 5
287 80 9
395 386 1
408 526 8
228 826 5
756 541 1
389 772 10
78 791 6
128 330 8
874 737 10
439 999 9
637 405 4
597 171 2
672 65 3
49 386 4
915 878 9
561 479 2
994 842 9
576 22 6
916 285 9
262 612 6
260 26 10
684 951 1
221 150 1
313 414 10
457 1 9
947 855 6
995 824 6
452 916 2
392 279 6
612 351 2
210 10 5
270 917 7
697 295 4
725 139 4
878 821 4
470 906 10
146 526 8
696 289 8
680 379 7
469 794 5
611 351 1
835 634 6
692 477 10
71 543 10
646 490 3
739 713 8
451 931 1
232 485 4
601 740 4
89 345 10
680 471 10
111 39 8
943 315 10
996 301 2
543 777 10
669 994 6
665 447 3
93 123 3
94 464 1
23 816 5
380 207 6
647 677 5
128 269 10
803 261 10
492 122 6
720 665 1
164 153 2
424 418 7
346 364 2
87 579 1
558 872 5
953 780 5
795 656 9
326 7 8
646 741 8
131 580 2
101 476 10
286 442 2
963 331 3
505 551 4
959 957 7
592 655 8
780 232 4
221 135 10
200 528 6
932 716 9
274 603 5
986 117 7
930 242 9
516 538 2
703 778 10
512 816 9
676 773 8
732 608 6
840 723 9
885 826 9
132 476 4
704 153 9
940 288 1
982 693 9
273 232 3
448 901 8
309 333 5
757 310 4
838 820 9
349 219 2
589 576 7
151 405 1
80 727 9
852 379 8
160 980 5
58 711 8
946 168 5
842 861 4
961 384 7
973 79 3
744 565 8
580 416 8
190 515 5
377 139 1
522 732 2
801 185 9
643 465 2
470 814 5
986 14 6
676 857 4
31 942 5
47 396 6
861 837 1
844 891 6
795 726 2
719 434 9
710 569 6
205 786 8
121 512 10
351 222 4
356 628 2
499 445 2
291 774 10
966 760 5
923 840 8
702 363 4
292 102 4
78 840 4
996 626 4
988 766 1
603 670 4
742 624 2
78 359 2
274 349 5
251 820 1
697 964 7
969 401 9
141 908 2
92 306 3
111 476 2
860 589 3
915 317 6
807 680 6
833 449 2
3 738 10
920 348 2
257 519 1
245 695 7
396 6 2
959 258 6
396 992 6
984 749 7
766 20 4
449 595 8
982 396 1
462 164 10
808 376 5
187 824 2
820 369 6
155 140 1
720 917 3
634 515 2
676 766 7
968 17 10
719 908 10
952 98 1
259 88 7
61 203 9
851 738 6
608 697 1
729 324 7
998 829 2
564 828 10
983 134 7
741 81 2
635 385 2
570 899 8
513 629 1
80 691 7
805 81 5
642 242 1
23 461 2
823 145 6
933 519 6
353 384 10
779 54 9
729 99 8
796 667 2
129 177 1
913 942 3
944 232 4
410 972 10
178 752 4
111 544 9
167 803 1
99 75 10
507 17 10
596 325 1
317 11 6
126 565 10
1000 62 4
389 46 5
854 555 10
618 346 3
972 823 6
2 901 6
547 37 2
818 861 1
870 207 3
973 849 2
263 320 4
462 697 2
5 119 3
977 101 4
441 746 5
711 181 6
460 662 7
774 325 6
479 167 10
137 222 5
918 450 3
926 330 7
759 667 9
633 106 3
361 207 5
656 162 5
780 765 4
545 335 7
93 34 7
389 791 2
479 121 9
800 454 3
164 331 10
912 672 8
981 400 1
569 566 1
556 189 9
856 741 10
133 823 5
495 658 3
777 863 8
610 41 1
434 493 4
419 222 2
515 849 9
71 913 5
518 191 10
430 971 1
136 406 8
17 194 3
309 1 1
125 981 6
753 952 5
239 593 10
22 250 6
65 905 3
346 717 8
485 695 10
370 332 5
526 793 10
479 799 4
195 476 9
731 443 9
797 940 4
170 130 3
142 392 9
815 128 2
200 913 5
975 804 5
834 857 6
673 941 7
774 575 8
775 148 9
795 802 9
303 964 10
286 213 5
620 695 4
252 409 1
246 997 7
313 404 4
67 456 4
557 757 8
365 678 1
676 785 7
727 609 3
166 150 10
877 722 6
289 718 8
225 127 1
829 686 1
100 869 5
861 454 6
872 331 5
43 91 4
663 476 1
207 993 10
481 569 10
832 229 5
307 678 5
126 897 8
865 122 3
566 598 1
391 88 2
674 945 8
67 928 1
290 832 9
958 450 1
86 57 10
546 109 5
230 810 10
445 405 1
921 471 5
719 576 7
327 938 9
833 597 5
229 907 2
8 468 6
11 364 4
766 529 5
761 54 8
406 715 1
463 90 9
604 142 5
837 235 10
835 443 4
938 523 2
506 661 8
305 259 1
853 187 1
725 542 5
498 792 5
479 647 1
530 700 2
23 276 6
557 32 1
699 374 10
402 182 5
363 829 5
207 580 5
863 653 3
388 386 1
639 601 7
918 894 3
486 620 5
867 872 7
542 538 3
921 450 10
477 798 4
724 871 4
327 441 10
29 680 8
329 486 7
164 318 9
180 162 9
644 202 10
261 161 7
539 10 1
412 870 2
667 7 3
562 729 7
73 916 9
713 467 5
906 440 6
181 906 6
344 686 3
139 710 10
337 808 3
150 549 10
598 792 9
601 18 5
898 674 1
473 709 2
239 975 4
184 83 4
778 87 4
129 655 9
257 330 9
222 601 7
547 979 9
633 346 4
336 621 5
236 850 5
734 856 1
845 376 2
512 468 8
408 972 3
382 77 8
313 315 1
856 700 5
1 492 5
35 122 6
569 421 4
306 183 1
501 141 7
70 319 1
578 416 7
419 994 8
668 774 3
769 51 3
529 457 5
144 655 2
474 341 5
577 700 10
923 474 7
461 384 10
106 474 1
482 787 2
472 608 4
206 19 9
147 457 1
78 909 1
882 571 4
397 685 6
42 958 5
78 65 1
899 846 2
740 767 2
965 65 2
343 1000 5
910 27 4
884 152 10
410 435 8
295 948 5
171 760 9
191 153 1
576 43 8
987 483 9
959 20 8
132 13 2
163 914 10
697 404 9
437 119 10
302 869 9
918 960 6
804 753 3
834 619 8
166 763 10
374 726 7
334 860 8
95 426 9
92 274 9
942 730 9
855 90 4
180 74 4
395 814 5
402 783 3
481 158 4
872 37 3
82 462 3
512 78 4
186 218 9
936 117 1
515 894 5
606 815 7
259 64 5
724 773 3
23 423 2
966 88 4
575 387 9
689 722 1
142 508 9
637 545 9
844 923 4
56 127 10
770 247 5
429 381 4
537 567 1
357 576 5
885 475 4
4 670 1
135 332 3
246 787 1
900 590 9
453 773 7
989 95 7
138 491 3
244 956 7
224 459 10
998 914 3
741 952 5
938 566 10
132 702 2
336 18 1
771 443 7
317 35 7
566 884 6
769 343 6
451 270 8
556 947 7
894 227 1
883 799 6
853 298 6
481 699 9
941 607 4
476 691 3
190 937 2
15 288 4
810 389 9
892 370 9
596 904 4
119 659 8
628 176 4
409 57 4
945 975 1
947 595 8
245 148 2
839 559 4
998 77 8
544 496 3
52 866 2
736 852 10
159 10 2
822 432 3
567 900 1
846 571 1
846 379 7
757 818 2
385 769 4
965 756 3
340 394 1
798 245 6
927 25 9
28 313 10
325 881 7
959 2 10
280 499 3
344 417 8
239 360 5
210 940 9
144 189 5
870 516 1
316 974 3
401 56 7
594 62 2
466 187 2
327 784 3
963 511 2
313 962 6
260 796 9
309 904 2
958 421 7
993 868 10
277 666 3
554 280 8
900 129 7
330 457 7
201 265 8
904 229 9
211 244 4
719 340 4
158 427 5
556 714 4
470 50 1
843 678 3
886 287 3
971 978 10
52 779 9
709 806 7
511 531 4
94 356 9
762 695 4
463 393 9
965 984 4
121 214 8
150 329 3

