1000 999
43
1 2 10
2 3 10
3 4 3
4 5 9
5 6 4
6 7 8
7 8 5
8 9 10
9 10 5
10 11 4
11 12 8
12 13 1
13 14 3
14 15 10
15 16 7
16 17 1
17 18 3
18 19 9
19 20 5
20 21 6
21 22 7
22 23 4
23 24 3
24 25 5
25 26 7
26 27 7
27 28 6
28 29 9
29 30 6
30 31 9
31 32 4
32 33 4
33 34 9
34 35 4
35 36 9
36 37 8
37 38 9
38 39 4
39 40 8
40 41 5
41 42 9
42 43 5
43 44 10
44 45 10
45 46 6
46 47 5
47 48 9
48 49 3
49 50 1
50 51 2
51 52 6
52 53 4
53 54 5
54 55 3
55 56 2
56 57 9
57 58 8
58 59 4
59 60 5
60 61 7
61 62 7
62 63 9
63 64 9
64 65 5
65 66 1
66 67 4
67 68 7
68 69 9
69 70 10
70 71 4
71 72 1
72 73 1
73 74 2
74 75 6
75 76 5
76 77 5
77 78 1
78 79 6
79 80 1
80 81 7
81 82 1
82 83 3
83 84 5
84 85 9
85 86 7
86 87 8
87 88 7
88 89 2
89 90 6
90 91 10
91 92 7
92 93 10
93 94 6
94 95 3
95 96 3
96 97 7
97 98 8
98 99 8
99 100 1
100 101 9
101 102 2
102 103 5
103 104 8
104 105 5
105 106 4
106 107 7
107 108 8
108 109 8
109 110 4
110 111 5
111 112 5
112 113 7
113 114 10
114 115 2
115 116 10
116 117 7
117 118 5
118 119 8
119 120 1
120 121 7
121 122 4
122 123 2
123 124 1
124 125 6
125 126 9
126 127 2
127 128 1
128 129 8
129 130 6
130 131 9
131 132 7
132 133 10
133 134 3
134 135 7
135 136 7
136 137 10
137 138 2
138 139 3
139 140 5
140 141 1
141 142 2
142 143 9
143 144 7
144 145 9
145 146 10
146 147 3
147 148 10
148 149 1
149 150 10
150 151 8
151 152 7
152 153 9
153 154 5
154 155 8
155 156 5
156 157 5
157 158 9
158 159 5
159 160 5
160 161 5
161 162 9
162 163 10
163 164 10
164 165 6
165 166 2
166 167 8
167 168 10
168 169 1
169 170 5
170 171 6
171 172 3
172 173 4
173 174 3
174 175 3
175 176 9
176 177 10
177 178 2
178 179 9
179 180 1
180 181 7
181 182 6
182 183 10
183 184 7
184 185 5
185 186 5
186 187 9
187 188 1
188 189 5
189 190 4
190 191 3
191 192 9
192 193 10
193 194 6
194 195 5
195 196 5
196 197 1
197 198 8
198 199 5
199 200 6
200 201 7
201 202 2
202 203 4
203 204 8
204 205 1
205 206 4
206 207 2
207 208 2
208 209 6
209 210 8
210 211 8
211 212 6
212 213 7
213 214 3
214 215 9
215 216 3
216 217 2
217 218 4
218 219 2
219 220 2
220 221 10
221 222 1
222 223 10
223 224 3
224 225 6
225 226 3
226 227 9
227 228 7
228 229 2
229 230 6
230 231 5
231 232 2
232 233 2
233 234 9
234 235 4
235 236 8
236 237 8
237 238 10
238 239 8
239 240 2
240 241 7
241 242 3
242 243 7
243 244 8
244 245 8
245 246 10
246 247 8
247 248 9
248 249 8
249 250 8
250 251 6
251 252 1
252 253 4
253 254 10
254 255 7
255 256 8
256 257 7
257 258 7
258 259 2
259 260 7
260 261 5
261 262 7
262 263 1
263 264 2
264 265 1
265 266 10
266 267 2
267 268 6
268 269 1
269 270 1
270 271 9
271 272 10
272 273 1
273 274 4
274 275 8
275 276 10
276 277 4
277 278 1
278 279 6
279 280 7
280 281 8
281 282 10
282 283 5
283 284 5
284 285 5
285 286 5
286 287 9
287 288 8
288 289 6
289 290 7
290 291 5
291 292 8
292 293 4
293 294 4
294 295 7
295 296 9
296 297 8
297 298 7
298 299 4
299 300 5
300 301 5
301 302 2
302 303 9
303 304 3
304 305 9
305 306 4
306 307 3
307 308 3
308 309 5
309 310 4
310 311 6
311 312 2
312 313 9
313 314 3
314 315 3
315 316 2
316 317 3
317 318 10
318 319 5
319 320 6
320 321 5
321 322 6
322 323 7
323 324 7
324 325 6
325 326 10
326 327 4
327 328 2
328 329 4
329 330 7
330 331 2
331 332 4
332 333 10
333 334 2
334 335 6
335 336 4
336 337 4
337 338 10
338 339 10
339 340 1
340 341 9
341 342 8
342 343 8
343 344 1
344 345 4
345 346 2
346 347 3
347 348 7
348 349 8
349 350 6
350 351 5
351 352 8
352 353 8
353 354 4
354 355 8
355 356 8
356 357 3
357 358 2
358 359 4
359 360 5
360 361 10
361 362 1
362 363 7
363 364 7
364 365 2
365 366 9
366 367 3
367 368 8
368 369 7
369 370 1
370 371 10
371 372 6
372 373 6
373 374 8
374 375 4
375 376 8
376 377 9
377 378 6
378 379 1
379 380 3
380 381 3
381 382 5
382 383 2
383 384 5
384 385 9
385 386 3
386 387 4
387 388 1
388 389 6
389 390 2
390 391 3
391 392 5
392 393 8
393 394 9
394 395 3
395 396 1
396 397 4
397 398 5
398 399 2
399 400 8
400 401 1
401 402 7
402 403 2
403 404 2
404 405 6
405 406 2
406 407 3
407 408 10
408 409 3
409 410 8
410 411 8
411 412 7
412 413 9
413 414 3
414 415 5
415 416 10
416 417 3
417 418 8
418 419 4
419 420 3
420 421 4
421 422 2
422 423 4
423 424 1
424 425 7
425 426 5
426 427 4
427 428 7
428 429 6
429 430 10
430 431 9
431 432 1
432 433 6
433 434 4
434 435 4
435 436 2
436 437 7
437 438 6
438 439 3
439 440 10
440 441 2
441 442 3
442 443 2
443 444 8
444 445 5
445 446 4
446 447 1
447 448 7
448 449 7
449 450 10
450 451 7
451 452 8
452 453 4
453 454 4
454 455 8
455 456 9
456 457 4
457 458 2
458 459 9
459 460 9
460 461 1
461 462 1
462 463 2
463 464 10
464 465 4
465 466 3
466 467 8
467 468 8
468 469 5
469 470 5
470 471 8
471 472 8
472 473 7
473 474 6
474 475 6
475 476 9
476 477 8
477 478 8
478 479 2
479 480 2
480 481 1
481 482 9
482 483 7
483 484 3
484 485 9
485 486 5
486 487 2
487 488 4
488 489 7
489 490 3
490 491 2
491 492 1
492 493 5
493 494 4
494 495 1
495 496 1
496 497 5
497 498 3
498 499 10
499 500 8
500 501 4
501 502 3
502 503 1
503 504 4
504 505 5
505 506 3
506 507 2
507 508 10
508 509 2
509 510 2
510 511 3
511 512 4
512 513 7
513 514 1
514 515 2
515 516 2
516 517 2
517 518 10
518 519 1
519 520 10
520 521 8
521 522 9
522 523 7
523 524 9
524 525 2
525 526 5
526 527 1
527 528 3
528 529 10
529 530 7
530 531 4
531 532 5
532 533 6
533 534 10
534 535 3
535 536 8
536 537 7
537 538 3
538 539 6
539 540 6
540 541 3
541 542 7
542 543 7
543 544 1
544 545 8
545 546 6
546 547 6
547 548 6
548 549 4
549 550 3
550 551 7
551 552 8
552 553 1
553 554 1
554 555 8
555 556 7
556 557 3
557 558 10
558 559 10
559 560 4
560 561 3
561 562 2
562 563 1
563 564 8
564 565 8
565 566 3
566 567 1
567 568 10
568 569 3
569 570 10
570 571 4
571 572 10
572 573 6
573 574 2
574 575 3
575 576 1
576 577 2
577 578 3
578 579 6
579 580 4
580 581 2
581 582 9
582 583 2
583 584 10
584 585 4
585 586 4
586 587 2
587 588 9
588 589 7
589 590 4
590 591 2
591 592 8
592 593 4
593 594 9
594 595 2
595 596 3
596 597 2
597 598 6
598 599 3
599 600 10
600 601 3
601 602 7
602 603 10
603 604 7
604 605 9
605 606 7
606 607 5
607 608 8
608 609 7
609 610 1
610 611 6
611 612 6
612 613 8
613 614 1
614 615 6
615 616 2
616 617 5
617 618 4
618 619 3
619 620 4
620 621 5
621 622 3
622 623 4
623 624 10
624 625 2
625 626 6
626 627 1
627 628 6
628 629 6
629 630 2
630 631 7
631 632 10
632 633 8
633 634 8
634 635 9
635 636 3
636 637 4
637 638 6
638 639 8
639 640 10
640 641 5
641 642 6
642 643 3
643 644 9
644 645 5
645 646 5
646 647 7
647 648 9
648 649 2
649 650 9
650 651 9
651 652 10
652 653 8
653 654 10
654 655 3
655 656 2
656 657 10
657 658 2
658 659 7
659 660 6
660 661 3
661 662 9
662 663 8
663 664 10
664 665 9
665 666 10
666 667 8
667 668 3
668 669 5
669 670 8
670 671 7
671 672 2
672 673 2
673 674 2
674 675 1
675 676 6
676 677 6
677 678 3
678 679 3
679 680 5
680 681 4
681 682 4
682 683 9
683 684 5
684 685 7
685 686 4
686 687 9
687 688 5
688 689 8
689 690 7
690 691 6
691 692 1
692 693 6
693 694 8
694 695 10
695 696 7
696 697 3
697 698 5
698 699 3
699 700 9
700 701 2
701 702 6
702 703 6
703 704 5
704 705 4
705 706 7
706 707 10
707 708 5
708 709 3
709 710 8
710 711 9
711 712 7
712 713 7
713 714 3
714 715 4
715 716 7
716 717 3
717 718 2
718 719 9
719 720 3
720 721 10
721 722 2
722 723 7
723 724 6
724 725 5
725 726 3
726 727 5
727 728 10
728 729 7
729 730 2
730 731 7
731 732 5
732 733 6
733 734 6
734 735 6
735 736 9
736 737 5
737 738 2
738 739 10
739 740 6
740 741 4
741 742 7
742 743 4
743 744 4
744 745 6
745 746 8
746 747 6
747 748 5
748 749 7
749 750 2
750 751 3
751 752 9
752 753 5
753 754 4
754 755 5
755 756 8
756 757 10
757 758 8
758 759 10
759 760 4
760 761 6
761 762 6
762 763 7
763 764 8
764 765 3
765 766 7
766 767 10
767 768 2
768 769 3
769 770 6
770 771 10
771 772 10
772 773 7
773 774 6
774 775 9
775 776 3
776 777 5
777 778 9
778 779 7
779 780 8
780 781 5
781 782 10
782 783 9
783 784 4
784 785 1
785 786 1
786 787 7
787 788 10
788 789 4
789 790 8
790 791 10
791 792 5
792 793 6
793 794 4
794 795 3
795 796 2
796 797 7
797 798 1
798 799 4
799 800 7
800 801 6
801 802 3
802 803 10
803 804 3
804 805 7
805 806 2
806 807 10
807 808 10
808 809 3
809 810 2
810 811 2
811 812 2
812 813 6
813 814 10
814 815 8
815 816 4
816 817 9
817 818 7
818 819 8
819 820 7
820 821 6
821 822 2
822 823 8
823 824 2
824 825 8
825 826 5
826 827 4
827 828 9
828 829 3
829 830 9
830 831 7
831 832 6
832 833 8
833 834 3
834 835 6
835 836 7
836 837 7
837 838 8
838 839 10
839 840 8
840 841 2
841 842 4
842 843 1
843 844 9
844 845 9
845 846 4
846 847 1
847 848 10
848 849 2
849 850 3
850 851 4
851 852 10
852 853 9
853 854 1
854 855 5
855 856 8
856 857 9
857 858 2
858 859 7
859 860 6
860 861 10
861 862 1
862 863 8
863 864 5
864 865 4
865 866 9
866 867 6
867 868 5
868 869 3
869 870 3
870 871 4
871 872 10
872 873 8
873 874 9
874 875 3
875 876 6
876 877 8
877 878 5
878 879 6
879 880 5
880 881 2
881 882 2
882 883 4
883 884 5
884 885 9
885 886 3
886 887 9
887 888 3
888 889 10
889 890 8
890 891 10
891 892 8
892 893 4
893 894 7
894 895 6
895 896 8
896 897 8
897 898 9
898 899 8
899 900 10
900 901 1
901 902 8
902 903 3
903 904 1
904 905 4
905 906 1
906 907 1
907 908 4
908 909 3
909 910 1
910 911 9
911 912 1
912 913 9
913 914 6
914 915 3
915 916 3
916 917 3
917 918 9
918 919 6
919 920 8
920 921 2
921 922 4
922 923 1
923 924 6
924 925 6
925 926 8
926 927 3
927 928 2
928 929 8
929 930 5
930 931 9
931 932 3
932 933 2
933 934 3
934 935 6
935 936 3
936 937 4
937 938 7
938 939 10
939 940 3
940 941 3
941 942 5
942 943 9
943 944 6
944 945 5
945 946 7
946 947 9
947 948 9
948 949 3
949 950 6
950 951 3
951 952 6
952 953 10
953 954 4
954 955 8
955 956 7
956 957 5
957 958 4
958 959 5
959 960 2
960 961 5
961 962 2
962 963 8
963 964 6
964 965 4
965 966 8
966 967 6
967 968 9
968 969 8
969 970 3
970 971 8
971 972 2
972 973 9
973 974 9
974 975 4
975 976 7
976 977 4
977 978 8
978 979 2
979 980 1
980 981 2
981 982 1
982 983 3
983 984 8
984 985 10
985 986 6
986 987 7
987 988 9
988 989 6
989 990 5
990 991 6
991 992 8
992 993 4
993 994 3
994 995 4
995 996 1
996 997 5
997 998 1
998 999 10
999 1000 3


