1000 3000
825
1 2 5
2 3 1
3 4 9
4 5 10
5 6 10
6 7 7
7 8 5
8 9 1
9 10 9
10 11 10
11 12 5
12 13 6
13 14 10
14 15 2
15 16 7
16 17 7
17 18 7
18 19 6
19 20 9
20 21 10
21 22 2
22 23 4
23 24 10
24 25 10
25 26 3
26 27 3
27 28 4
28 29 2
29 30 4
30 31 2
31 32 3
32 33 1
33 34 4
34 35 3
35 36 5
36 37 5
37 38 9
38 39 8
39 40 8
40 41 9
41 42 3
42 43 10
43 44 6
44 45 3
45 46 8
46 47 4
47 48 8
48 49 2
49 50 2
50 51 5
51 52 10
52 53 6
53 54 8
54 55 9
55 56 8
56 57 5
57 58 10
58 59 4
59 60 3
60 61 2
61 62 9
62 63 3
63 64 3
64 65 7
65 66 5
66 67 4
67 68 3
68 69 6
69 70 1
70 71 10
71 72 3
72 73 10
73 74 4
74 75 8
75 76 7
76 77 1
77 78 7
78 79 1
79 80 8
80 81 3
81 82 5
82 83 6
83 84 8
84 85 8
85 86 10
86 87 1
87 88 4
88 89 10
89 90 9
90 91 4
91 92 4
92 93 2
93 94 8
94 95 4
95 96 9
96 97 3
97 98 9
98 99 8
99 100 7
100 101 8
101 102 10
102 103 10
103 104 3
104 105 7
105 106 10
106 107 5
107 108 6
108 109 10
109 110 6
110 111 9
111 112 7
112 113 5
113 114 1
114 115 7
115 116 2
116 117 4
117 118 5
118 119 7
119 120 3
120 121 8
121 122 8
122 123 8
123 124 8
124 125 6
125 126 5
126 127 3
127 128 4
128 129 3
129 130 5
130 131 8
131 132 7
132 133 3
133 134 9
134 135 8
135 136 8
136 137 5
137 138 3
138 139 9
139 140 8
140 141 1
141 142 8
142 143 8
143 144 1
144 145 6
145 146 9
146 147 5
147 148 10
148 149 3
149 150 5
150 151 8
151 152 10
152 153 4
153 154 8
154 155 8
155 156 7
156 157 1
157 158 1
158 159 10
159 160 1
160 161 1
161 162 2
162 163 4
163 164 4
164 165 5
165 166 4
166 167 10
167 168 2
168 169 6
169 170 2
170 171 2
171 172 3
172 173 9
173 174 7
174 175 5
175 176 10
176 177 8
177 178 4
178 179 10
179 180 8
180 181 5
181 182 1
182 183 8
183 184 4
184 185 10
185 186 4
186 187 9
187 188 7
188 189 2
189 190 9
190 191 3
191 192 1
192 193 10
193 194 3
194 195 3
195 196 8
196 197 8
197 198 9
198 199 9
199 200 1
200 201 1
201 202 3
202 203 1
203 204 6
204 205 3
205 206 10
206 207 1
207 208 2
208 209 10
209 210 6
210 211 4
211 212 5
212 213 3
213 214 5
214 215 4
215 216 6
216 217 9
217 218 2
218 219 3
219 220 9
220 221 3
221 222 5
222 223 7
223 224 10
224 225 1
225 226 4
226 227 4
227 228 4
228 229 7
229 230 4
230 231 6
231 232 10
232 233 8
233 234 5
234 235 8
235 236 5
236 237 4
237 238 10
238 239 5
239 240 2
240 241 7
241 242 10
242 243 7
243 244 6
244 245 10
245 246 1
246 247 4
247 248 7
248 249 6
249 250 10
250 251 3
251 252 10
252 253 3
253 254 7
254 255 7
255 256 2
256 257 9
257 258 10
258 259 1
259 260 1
260 261 3
261 262 1
262 263 8
263 264 2
264 265 4
265 266 9
266 267 8
267 268 7
268 269 2
269 270 1
270 271 2
271 272 6
272 273 10
273 274 6
274 275 3
275 276 5
276 277 7
277 278 6
278 279 2
279 280 10
280 281 9
281 282 5
282 283 10
283 284 2
284 285 2
285 286 4
286 287 8
287 288 1
288 289 5
289 290 7
290 291 5
291 292 4
292 293 1
293 294 8
294 295 9
295 296 3
296 297 5
297 298 8
298 299 10
299 300 9
300 301 2
301 302 9
302 303 6
303 304 10
304 305 2
305 306 9
306 307 4
307 308 10
308 309 7
309 310 6
310 311 5
311 312 3
312 313 1
313 314 8
314 315 8
315 316 9
316 317 9
317 318 10
318 319 4
319 320 2
320 321 1
321 322 8
322 323 6
323 324 1
324 325 1
325 326 6
326 327 5
327 328 3
328 329 8
329 330 1
330 331 9
331 332 5
332 333 8
333 334 10
334 335 3
335 336 5
336 337 10
337 338 1
338 339 4
339 340 8
340 341 5
341 342 6
342 343 5
343 344 2
344 345 4
345 346 6
346 347 9
347 348 10
348 349 2
349 350 2
350 351 3
351 352 5
352 353 1
353 354 4
354 355 8
355 356 4
356 357 6
357 358 1
358 359 10
359 360 2
360 361 3
361 362 10
362 363 3
363 364 4
364 365 3
365 366 10
366 367 5
367 368 3
368 369 5
369 370 3
370 371 7
371 372 2
372 373 4
373 374 4
374 375 5
375 376 7
376 377 5
377 378 8
378 379 5
379 380 1
380 381 9
381 382 8
382 383 10
383 384 6
384 385 1
385 386 4
386 387 4
387 388 10
388 389 9
389 390 9
390 391 2
391 392 10
392 393 9
393 394 9
394 395 7
395 396 1
396 397 5
397 398 1
398 399 3
399 400 8
400 401 5
401 402 5
402 403 8
403 404 10
404 405 3
405 406 6
406 407 8
407 408 2
408 409 6
409 410 3
410 411 8
411 412 3
412 413 4
413 414 9
414 415 4
415 416 1
416 417 3
417 418 7
418 419 10
419 420 7
420 421 10
421 422 9
422 423 5
423 424 4
424 425 3
425 426 6
426 427 4
427 428 9
428 429 4
429 430 5
430 431 9
431 432 5
432 433 5
433 434 4
434 435 6
435 436 1
436 437 4
437 438 1
438 439 7
439 440 9
440 441 6
441 442 4
442 443 7
443 444 4
444 445 8
445 446 6
446 447 10
447 448 7
448 449 2
449 450 10
450 451 4
451 452 4
452 453 1
453 454 5
454 455 4
455 456 10
456 457 9
457 458 6
458 459 5
459 460 1
460 461 6
461 462 7
462 463 4
463 464 1
464 465 7
465 466 8
466 467 2
467 468 10
468 469 9
469 470 5
470 471 6
471 472 3
472 473 4
473 474 6
474 475 5
475 476 10
476 477 4
477 478 1
478 479 3
479 480 6
480 481 7
481 482 1
482 483 1
483 484 4
484 485 1
485 486 6
486 487 4
487 488 9
488 489 5
489 490 8
490 491 10
491 492 8
492 493 6
493 494 1
494 495 10
495 496 8
496 497 6
497 498 5
498 499 7
499 500 6
500 501 4
501 502 7
502 503 7
503 504 3
504 505 6
505 506 7
506 507 2
507 508 3
508 509 5
509 510 2
510 511 3
511 512 6
512 513 1
513 514 2
514 515 8
515 516 5
516 517 1
517 518 9
518 519 1
519 520 3
520 521 8
521 522 2
522 523 1
523 524 8
524 525 5
525 526 8
526 527 4
527 528 3
528 529 3
529 530 2
530 531 4
531 532 1
532 533 6
533 534 1
534 535 1
535 536 7
536 537 9
537 538 1
538 539 10
539 540 10
540 541 10
541 542 2
542 543 2
543 544 10
544 545 1
545 546 2
546 547 1
547 548 8
548 549 7
549 550 5
550 551 2
551 552 1
552 553 6
553 554 10
554 555 2
555 556 5
556 557 5
557 558 9
558 559 8
559 560 6
560 561 3
561 562 5
562 563 7
563 564 8
564 565 1
565 566 8
566 567 1
567 568 1
568 569 6
569 570 4
570 571 10
571 572 2
572 573 10
573 574 2
574 575 9
575 576 4
576 577 5
577 578 3
578 579 3
579 580 9
580 581 3
581 582 3
582 583 1
583 584 9
584 585 6
585 586 9
586 587 1
587 588 2
588 589 2
589 590 9
590 591 10
591 592 2
592 593 4
593 594 5
594 595 10
595 596 2
596 597 7
597 598 7
598 599 6
599 600 7
600 601 7
601 602 8
602 603 9
603 604 8
604 605 4
605 606 4
606 607 9
607 608 6
608 609 2
609 610 5
610 611 3
611 612 8
612 613 2
613 614 8
614 615 2
615 616 7
616 617 7
617 618 6
618 619 9
619 620 3
620 621 8
621 622 10
622 623 6
623 624 1
624 625 1
625 626 3
626 627 6
627 628 6
628 629 6
629 630 1
630 631 1
631 632 7
632 633 5
633 634 8
634 635 2
635 636 3
636 637 10
637 638 6
638 639 4
639 640 2
640 641 1
641 642 1
642 643 9
643 644 10
644 645 8
645 646 9
646 647 2
647 648 3
648 649 9
649 650 1
650 651 7
651 652 6
652 653 1
653 654 2
654 655 7
655 656 2
656 657 1
657 658 2
658 659 7
659 660 10
660 661 3
661 662 7
662 663 7
663 664 8
664 665 8
665 666 8
666 667 5
667 668 7
668 669 5
669 670 9
670 671 4
671 672 7
672 673 2
673 674 5
674 675 7
675 676 5
676 677 8
677 678 7
678 679 1
679 680 1
680 681 1
681 682 8
682 683 6
683 684 5
684 685 1
685 686 4
686 687 2
687 688 1
688 689 5
689 690 3
690 691 3
691 692 7
692 693 7
693 694 7
694 695 8
695 696 3
696 697 1
697 698 7
698 699 3
699 700 4
700 701 2
701 702 7
702 703 6
703 704 6
704 705 9
705 706 10
706 707 10
707 708 5
708 709 7
709 710 9
710 711 9
711 712 5
712 713 3
713 714 1
714 715 4
715 716 2
716 717 7
717 718 9
718 719 4
719 720 1
720 721 6
721 722 10
722 723 10
723 724 3
724 725 2
725 726 10
726 727 8
727 728 5
728 729 8
729 730 2
730 731 7
731 732 2
732 733 5
733 734 3
734 735 9
735 736 1
736 737 9
737 738 8
738 739 4
739 740 3
740 741 5
741 742 2
742 743 9
743 744 1
744 745 8
745 746 1
746 747 4
747 748 1
748 749 4
749 750 8
750 751 5
751 752 8
752 753 8
753 754 4
754 755 4
755 756 1
756 757 1
757 758 9
758 759 7
759 760 1
760 761 1
761 762 6
762 763 6
763 764 2
764 765 1
765 766 8
766 767 9
767 768 5
768 769 1
769 770 6
770 771 6
771 772 6
772 773 6
773 774 2
774 775 6
775 776 5
776 777 4
777 778 1
778 779 4
779 780 10
780 781 3
781 782 6
782 783 3
783 784 4
784 785 4
785 786 1
786 787 4
787 788 5
788 789 9
789 790 10
790 791 10
791 792 10
792 793 9
793 794 8
794 795 3
795 796 10
796 797 7
797 798 8
798 799 2
799 800 3
800 801 2
801 802 5
802 803 8
803 804 7
804 805 4
805 806 7
806 807 3
807 808 10
808 809 2
809 810 3
810 811 7
811 812 10
812 813 1
813 814 7
814 815 3
815 816 6
816 817 3
817 818 9
818 819 8
819 820 2
820 821 5
821 822 7
822 823 1
823 824 8
824 825 3
825 826 5
826 827 9
827 828 1
828 829 6
829 830 5
830 831 10
831 832 1
832 833 10
833 834 5
834 835 6
835 836 5
836 837 4
837 838 1
838 839 10
839 840 7
840 841 6
841 842 1
842 843 8
843 844 7
844 845 7
845 846 9
846 847 8
847 848 8
848 849 5
849 850 6
850 851 6
851 852 6
852 853 6
853 854 10
854 855 8
855 856 10
856 857 10
857 858 9
858 859 7
859 860 7
860 861 10
861 862 6
862 863 2
863 864 5
864 865 4
865 866 10
866 867 7
867 868 7
868 869 8
869 870 10
870 871 5
871 872 1
872 873 3
873 874 2
874 875 5
875 876 4
876 877 3
877 878 5
878 879 2
879 880 7
880 881 10
881 882 6
882 883 5
883 884 4
884 885 8
885 886 2
886 887 8
887 888 4
888 889 5
889 890 10
890 891 6
891 892 2
892 893 8
893 894 2
894 895 1
895 896 9
896 897 9
897 898 5
898 899 9
899 900 8
900 901 9
901 902 7
902 903 5
903 904 5
904 905 1
905 906 6
906 907 5
907 908 9
908 909 9
909 910 8
910 911 10
911 912 2
912 913 10
913 914 5
914 915 7
915 916 3
916 917 4
917 918 4
918 919 8
919 920 4
920 921 6
921 922 4
922 923 8
923 924 5
924 925 3
925 926 6
926 927 9
927 928 3
928 929 3
929 930 2
930 931 7
931 932 3
932 933 7
933 934 4
934 935 7
935 936 4
936 937 7
937 938 8
938 939 7
939 940 5
940 941 7
941 942 5
942 943 4
943 944 3
944 945 5
945 946 10
946 947 10
947 948 8
948 949 9
949 950 3
950 951 10
951 952 5
952 953 5
953 954 8
954 955 2
955 956 4
956 957 4
957 958 5
958 959 5
959 960 4
960 961 5
961 962 3
962 963 4
963 964 4
964 965 7
965 966 3
966 967 3
967 968 6
968 969 3
969 970 5
970 971 2
971 972 7
972 973 2
973 974 9
974 975 6
975 976 8
976 977 2
977 978 10
978 979 2
979 980 2
980 981 6
981 982 1
982 983 3
983 984 9
984 985 6
985 986 3
986 987 4
987 988 6
988 989 6
989 990 2
990 991 10
991 992 6
992 993 8
993 994 2
994 995 3
995 996 8
996 997 6
997 998 8
998 999 4
999 1000 9
848 120 2
102 233 5
478 737 7
696 334 10
541 711 2
356 855 4
949 595 7
565 856 2
857 297 1
541 986 3
97 542 3
412 772 5
148 354 8
153 847 5
513 325 4
113 190 4
567 418 4
539 370 10
950 418 9
841 120 1
69 381 8
317 362 10
427 277 7
861 283 9
992 478 6
2 936 5
871 747 2
886 778 5
711 667 7
856 553 6
690 494 6
149 776 7
994 334 9
443 282 1
180 892 2
780 83 8
354 429 4
120 944 9
680 367 2
471 857 2
111 184 2
257 512 2
620 206 10
184 793 7
92 141 9
655 962 7
507 268 1
559 721 1
531 241 3
794 81 4
185 123 7
576 954 9
354 321 2
466 1 6
208 864 4
178 169 6
749 569 7
945 379 1
848 640 4
586 314 5
222 178 7
481 211 1
714 894 9
261 947 9
614 256 7
801 812 3
270 243 9
549 706 7
471 74 9
483 216 10
497 264 10
670 860 3
430 543 7
434 890 6
903 287 7
902 964 10
461 412 6
827 536 5
500 535 10
79 711 1
566 493 9
644 623 4
90 981 9
665 506 1
713 6 5
592 726 1
781 503 3
122 252 7
355 885 6
303 965 10
137 652 3
255 895 1
453 207 6
105 4 8
323 271 6
55 577 4
918 949 2
687 930 1
24 453 4
366 186 10
448 607 9
42 706 1
354 549 5
878 409 9
472 215 9
249 450 5
428 563 10
752 483 3
918 430 5
874 756 10
520 344 4
863 937 1
791 666 3
566 479 7
751 919 4
82 651 10
14 450 7
381 784 10
442 306 6
953 376 5
501 789 4
401 132 4
994 814 9
449 923 5
593 180 8
442 125 3
578 79 8
433 180 8
618 30 7
919 719 6
876 729 6
96 715 6
326 118 9
909 693 4
797 155 8
23 567 2
717 331 7
291 9 2
534 418 10
519 401 1
918 532 7
61 611 2
230 316 1
213 396 4
429 202 6
126 585 8
827 235 9
160 803 3
817 625 8
492 36 1
767 944 4
644 73 6
678 140 5
490 729 3
706 676 10
243 619 6
124 871 1
334 783 7
538 398 1
205 369 1
237 81 4
553 397 2
487 542 2
808 357 8
720 826 8
479 491 10
284 852 6
261 81 3
646 851 3
193 171 6
663 773 3
936 566 10
782 276 10
798 719 5
800 728 3
319 556 7
856 946 2
237 13 5
496 305 10
18 224 3
645 446 2
301 979 10
64 563 9
11 436 2
792 652 4
786 230 7
654 307 6
405 363 1
334 812 4
831 767 1
443 600 9
795 72 10
281 114 7
278 303 2
467 212 1
765 940 3
27 55 8
179 927 1
505 960 7
483 598 1
691 498 4
262 956 3
937 201 10
426 893 8
276 697 7
789 695 5
824 352 10
705 13 5
641 689 8
133 690 1
497 206 4
908 645 5
996 33 3
3 370 4
914 46 9
160 970 1
269 666 7
195 675 6
365 60 7
442 282 3
151 519 1
669 678 7
426 60 6
703 118 10
546 14 8
94 156 6
165 646 1
694 966 7
682 332 5
444 565 10
206 43 4
486 551 2
916 218 1
398 881 6
995 886 4
187 805 2
422 995 4
164 449 2
863 15 2
505 261 7
617 583 5
764 677 2
73 526 9
259 848 6
116 1000 1
706 646 2
210 349 10
299 156 7
923 274 1
784 883 10
801 681 8
643 414 2
82 146 10
930 210 4
998 43 6
979 820 5
266 349 5
321 348 5
589 706 7
65 912 7
262 741 10
761 400 4
914 416 6
500 123 5
587 395 7
366 29 9
278 655 3
248 463 1
80 593 5
840 558 2
647 167 5
505 355 1
820 312 9
367 850 10
170 69 10
641 756 7
675 514 1
808 895 8
769 48 9
322 413 5
918 583 8
106 414 5
96 512 7
6 210 1
87 867 4
526 102 3
680 36 1
730 601 8
522 734 4
957 377 3
6 848 9
176 525 3
298 458 6
205 459 6
441 69 6
610 17 2
915 349 9
217 202 9
378 661 3
668 248 8
360 151 2
697 444 8
405 83 8
312 259 1
291 151 2
165 774 5
779 194 5
972 17 1
625 521 10
21 445 7
297 945 7
243 563 10
447 748 9
542 704 10
276 921 3
337 95 8
505 175 8
115 177 4
458 434 7
755 670 2
930 400 1
281 422 10
834 470 1
597 843 1
534 517 8
347 9 4
792 880 2
923 26 7
936 428 2
370 802 6
145 607 3
425 899 8
352 900 10
710 116 10
115 249 1
732 811 6
483 587 8
756 707 2
718 810 2
842 276 10
466 579 10
983 667 3
116 493 1
984 626 8
650 443 8
34 637 9
514 608 3
290 595 1
26 515 10
469 268 2
583 885 4
525 449 5
615 41 10
169 124 4
652 514 5
916 934 3
594 548 6
280 749 8
509 256 1
695 364 5
848 555 3
478 250 8
166 149 8
771 498 3
429 5 10
986 690 10
46 210 8
452 605 9
128 899 9
926 62 9
360 972 10
613 920 2
811 897 7
361 307 9
327 829 5
199 635 8
850 67 7
240 505 8
262 365 3
907 573 5
303 476 8
57 636 1
482 770 1
346 4 8
570 163 4
361 813 2
315 136 3
722 19 4
433 119 2
4 516 10
204 462 9
628 310 9
43 550 7
565 887 7
741 257 4
633 249 3
674 519 7
433 510 10
531 718 9
194 366 2
58 31 3
250 418 1
227 875 4
102 242 10
850 999 10
378 345 4
890 486 9
118 879 1
124 646 8
952 291 2
312 775 7
747 720 4
461 725 6
196 663 6
909 507 5
974 215 4
398 176 6
765 49 5
812 306 6
740 78 3
503 155 2
518 94 8
434 540 2
848 87 8
619 640 7
734 799 7
313 242 3
746 877 3
67 73 10
622 428 5
433 484 8
97 207 8
875 172 10
129 269 1
110 743 6
659 440 3
679 406 7
912 547 7
485 164 6
379 839 3
68 656 3
606 555 7
791 290 10
276 219 8
498 39 10
862 255 8
701 144 4
532 989 4
156 381 7
870 29 4
370 936 5
619 249 1
103 253 8
722 937 6
31 578 8
469 181 9
441 663 8
381 465 10
903 751 4
187 153 6
460 539 4
769 109 7
510 269 6
39 754 4
644 866 4
195 380 9
327 914 4
918 865 8
456 375 5
35 539 5
540 153 2
170 801 6
829 137 1
582 975 9
835 125 2
767 86 2
678 741 3
668 331 4
555 60 1
333 31 5
539 417 6
895 671 9
734 15 8
594 980 5
25 904 3
497 235 10
196 262 7
731 426 4
303 439 1
28 913 8
324 654 1
973 990 7
404 871 6
481 281 9
107 957 2
614 627 5
538 795 8
918 362 7
545 522 7
83 938 8
263 302 6
155 781 2
802 47 10
517 371 2
120 375 9
938 652 8
507 842 7
452 564 1
279 589 8
248 479 3
858 988 8
546 657 6
965 313 8
928 456 1
664 380 3
251 869 2
535 876 10
942 755 7
801 417 4
881 797 3
644 782 3
836 601 9
639 444 5
974 635 2
39 64 10
427 754 7
867 928 7
116 930 3
710 924 6
552 810 1
482 571 8
451 262 5
233 201 4
100 821 8
542 681 9
263 66 9
928 398 2
840 435 7
194 799 10
534 437 3
81 688 7
234 902 6
55 557 9
734 772 7
566 89 6
558 499 10
762 765 7
350 909 7
309 955 9
7 720 7
37 285 4
144 657 5
531 357 5
797 609 3
948 636 10
660 382 1
468 300 6
839 181 8
365 106 6
758 918 6
151 270 8
901 681 4
883 374 8
518 110 2
716 159 7
59 133 2
658 361 5
838 488 3
708 567 8
881 530 2
589 769 7
155 961 3
962 206 3
414 120 8
274 314 4
321 403 7
500 200 5
448 509 9
373 463 6
564 270 3
800 603 10
726 156 1
518 985 2
93 170 6
535 895 9
638 714 5
805 440 5
644 405 2
864 811 8
141 97 9
498 772 4
655 841 8
291 920 1
522 867 6
984 454 2
82 798 5
174 610 4
444 780 6
76 872 7
914 261 8
953 990 6
222 819 7
755 497 10
346 665 7
404 210 1
340 681 7
68 973 6
861 977 7
733 171 8
450 380 9
864 603 5
656 742 1
52 118 7
423 659 8
630 723 1
933 15 7
860 865 7
795 797 5
689 956 2
668 134 9
545 79 2
613 63 5
513 995 10
830 923 7
47 567 5
234 548 3
450 267 10
858 831 6
130 971 3
13 182 3
480 274 3
916 804 2
158 916 2
250 873 5
622 21 5
275 310 9
187 319 9
609 199 7
473 911 9
188 947 10
714 131 8
850 610 8
759 438 3
530 137 10
221 908 4
204 51 2
526 962 10
250 913 6
774 588 5
309 745 5
941 938 6
672 961 7
467 884 3
951 985 3
879 592 1
373 319 8
450 495 2
630 500 6
78 356 10
16 173 1
812 946 10
56 154 6
41 250 3
186 175 3
721 459 8
104 467 5
502 696 2
293 920 2
432 38 6
274 281 6
992 92 1
834 560 9
528 33 1
946 178 8
371 379 4
807 160 1
74 350 9
595 733 7
171 311 9
965 475 5
261 3 7
400 596 9
935 95 8
566 367 9
541 610 8
618 733 4
486 585 9
125 236 6
208 203 4
304 912 4
610 624 6
501 822 10
397 557 7
656 312 5
889 815 7
139 273 4
975 15 5
485 141 3
184 687 9
89 580 6
363 954 1
326 13 6
311 519 5
655 981 8
171 58 4
175 588 4
594 711 9
776 570 10
893 492 1
65 154 7
357 416 2
559 442 4
356 158 1
46 287 2
947 740 3
506 554 8
835 199 8
416 816 5
357 189 3
338 887 2
955 6 6
665 329 8
15 193 3
860 83 6
807 79 3
85 1000 1
823 236 6
141 895 7
904 274 2
237 195 6
810 251 8
140 204 3
270 21 8
781 653 3
125 523 5
831 667 2
884 877 5
676 816 5
486 981 9
67 656 6
941 957 9
920 725 7
610 139 3
29 523 1
621 456 1
8 393 3
113 782 3
946 124 6
192 989 6
876 127 2
921 733 9
704 336 3
507 751 6
861 55 10
697 304 6
838 985 3
208 295 6
76 307 1
596 907 1
29 936 1
319 962 4
653 599 9
108 348 7
594 638 9
405 270 8
180 330 7
607 245 2
236 89 10
963 478 1
359 942 8
798 570 5
468 492 5
734 174 4
717 350 3
9 460 4
98 182 9
715 936 10
613 675 3
226 347 7
861 551 2
972 187 5
151 700 4
866 640 3
263 640 2
741 703 5
235 757 5
91 522 1
757 518 3
831 318 4
549 926 4
573 832 6
535 762 6
458 324 1
373 398 1
697 875 3
178 897 6
57 889 1
858 455 6
613 558 9
848 239 4
714 675 10
467 81 3
613 484 2
460 546 5
432 575 5
456 330 3
646 729 6
259 380 6
478 990 8
665 60 7
840 932 1
74 654 3
635 192 1
575 866 8
588 978 9
900 669 6
482 167 6
637 126 3
841 618 9
18 299 3
119 581 6
490 812 2
415 448 10
867 132 2
665 396 3
829 387 7
454 170 1
57 778 9
696 278 4
904 135 4
73 916 10
813 508 3
464 847 3
475 196 5
698 610 9
252 472 1
783 479 4
343 259 4
490 895 7
171 870 2
698 719 2
609 773 10
41 841 1
378 495 8
113 172 1
741 770 6
613 686 10
501 211 2
780 768 5
903 389 1
886 716 6
502 741 3
541 899 7
228 918 4
819 886 6
273 842 6
844 107 3
312 837 2
452 490 2
57 124 4
156 429 9
417 326 7
689 41 9
579 31 8
649 636 4
976 217 1
210 880 2
534 752 5
47 734 6
986 837 6
286 609 2
359 638 9
691 142 8
777 394 3
396 173 4
589 171 8
279 78 3
994 526 2
557 95 9
206 163 6
557 966 5
675 174 5
58 162 7
339 631 6
338 170 8
818 514 9
430 140 9
267 227 3
604 792 7
61 679 4
838 432 10
796 348 1
209 791 2
816 553 6
715 382 10
849 766 8
200 622 2
302 847 2
476 796 2
910 630 6
755 399 6
698 1000 3
583 513 7
28 568 7
202 302 4
500 747 1
310 30 1
906 419 6
900 351 3
906 79 9
230 817 9
789 753 1
656 415 5
440 534 7
810 114 4
990 820 9
646 850 2
317 751 9
453 62 7
138 553 9
51 166 10
243 25 6
886 484 4
38 184 7
659 602 3
709 432 10
259 394 2
937 440 2
639 335 9
240 363 1
540 362 4
633 79 9
618 533 6
759 907 2
9 353 1
453 658 4
292 10 3
928 708 9
103 692 1
368 4 3
400 168 8
888 15 6
418 745 6
229 249 7
169 513 3
876 319 8
373 54 9
616 598 9
670 610 6
733 46 6
618 236 9
924 675 6
675 915 2
639 30 3
43 725 5
275 315 7
338 518 5
599 877 8
994 712 8
726 389 10
422 752 5
781 307 6
673 730 2
329 270 9
906 876 2
338 177 7
401 366 4
822 836 1
271 525 10
477 966 5
453 282 9
639 184 2
741 457 6
117 473 9
730 27 3
214 462 4
756 867 4
34 87 6
518 807 6
514 497 6
853 799 1
1000 445 5
700 18 4
251 729 9
851 746 2
715 466 3
919 726 1
493 500 2
79 228 10
69 568 2
911 714 4
288 72 4
90 50 10
191 593 7
850 950 2
24 123 1
618 260 2
438 859 2
598 564 3
87 327 9
256 792 10
997 714 9
780 903 3
942 443 2
61 655 3
996 143 7
898 417 7
368 968 3
617 281 10
406 648 10
981 558 10
177 317 4
328 127 9
20 637 2
883 684 8
66 606 7
712 686 4
328 61 7
360 604 5
475 89 8
973 554 2
571 671 8
119 223 4
967 172 2
562 761 9
66 885 4
630 217 10
997 621 7
420 135 3
426 904 1
168 154 8
938 743 6
909 744 2
593 206 3
304 794 8
13 58 7
120 201 6
315 162 4
244 704 5
784 16 2
357 817 6
985 297 5
760 941 4
538 111 2
510 284 10
843 115 3
162 94 6
633 660 5
115 426 7
474 576 2
3 548 1
768 102 5
649 39 5
618 91 10
270 17 6
678 340 7
453 220 9
674 887 2
987 662 10
938 2 9
536 796 3
171 292 1
79 524 8
535 670 2
162 398 8
258 653 3
700 387 4
615 103 4
185 875 7
533 60 4
817 119 6
695 671 9
578 698 4
270 75 2
842 334 4
221 924 4
989 440 1
743 727 6
685 936 5
559 435 9
675 898 10
246 304 2
648 99 4
542 346 6
353 29 9
60 76 2
149 564 7
126 338 3
568 312 3
287 321 1
721 811 6
351 879 3
189 424 5
226 178 3
525 631 6
121 498 5
801 302 1
307 590 1
835 904 6
645 250 7
243 496 5
747 291 1
406 155 9
785 833 4
320 971 9
32 911 8
946 94 3
459 594 9
880 795 7
628 724 3
432 60 4
964 480 3
380 695 5
688 456 4
402 769 5
58 859 7
549 935 2
650 656 1
488 389 10
882 100 2
411 104 9
11 393 1
176 921 4
604 469 1
407 123 8
849 400 7
910 331 10
131 378 7
972 654 10
896 95 5
404 890 2
930 241 5
825 514 1
596 562 3
428 610 2
20 597 10
483 816 3
342 53 7
211 921 3
437 834 3
948 121 6
65 284 1
3 694 6
675 832 7
833 92 9
220 373 1
577 385 4
394 101 1
768 839 5
885 394 9
486 327 6
230 483 2
603 748 3
109 147 3
90 73 2
748 634 7
897 20 7
381 978 1
339 325 10
860 300 8
526 919 1
450 922 9
551 249 10
671 900 3
697 294 8
829 731 8
720 952 7
722 531 5
273 89 8
916 170 1
860 734 1
935 7 4
953 358 5
353 649 2
442 999 6
841 577 10
178 184 10
639 26 8
837 466 1
564 953 9
638 70 2
556 103 9
153 550 5
141 869 9
35 108 2
356 168 7
270 758 3
464 900 2
255 294 10
112 866 9
999 140 9
982 550 4
80 985 10
81 185 4
921 588 7
807 126 8
722 526 6
280 796 10
364 116 2
862 956 9
881 477 2
670 372 7
278 842 8
843 65 2
271 798 8
77 176 10
309 908 10
543 473 4
231 76 6
267 860 5
455 551 7
601 282 7
600 641 7
550 447 10
908 648 4
751 544 8
238 63 7
239 299 1
77 614 5
112 820 3
414 538 4
16 985 8
836 189 1
113 321 9
216 839 4
50 55 7
236 364 8
674 11 1
313 804 3
547 147 6
240 898 7
770 436 1
93 39 2
319 341 8
956 438 7
925 899 6
577 48 1
916 815 10
551 590 7
445 715 3
960 572 2
400 477 6
32 649 4
940 776 10
582 402 2
687 463 3
179 884 3
999 141 3
881 493 10
787 65 8
942 120 10
690 885 7
130 834 10
653 443 4
502 542 8
549 658 1
303 573 1
710 276 9
140 995 1
333 903 7
584 209 6
259 601 2
704 23 7
839 862 5
297 492 6
826 106 2
795 963 10
636 588 3
374 20 9
357 700 8
156 346 1
385 415 9
430 299 10
305 392 7
986 464 9
764 483 4
172 712 2
345 74 10
899 740 3
677 497 6
376 949 7
684 707 1
191 600 6
740 888 1
90 854 8
346 68 9
51 712 7
151 124 6
770 198 4
987 441 6
68 38 3
18 841 6
453 758 9
172 868 2
167 849 7
138 603 8
218 424 9
387 775 3
928 807 2
733 306 1
789 413 4
25 865 3
447 636 8
783 456 2
640 144 6
1 8 2
348 489 5
821 208 3
624 160 8
883 125 6
70 1000 7
157 652 9
330 230 2
260 883 6
45 715 7
74 488 2
277 624 10
689 885 5
209 679 2
263 176 1
419 210 6
39 515 1
752 77 3
868 434 3
782 331 9
102 907 9
415 755 9
614 89 3
746 509 6
254 665 10
894 43 4
605 584 7
729 493 1
650 710 5
65 62 7
764 333 1
495 271 2
809 596 5
897 831 8
788 959 2
233 10 3
875 713 7
586 156 1
699 15 8
738 261 7
634 649 8
133 984 4
319 889 5
385 983 5
117 850 3
482 714 7
484 130 5
502 173 8
814 717 10
361 603 4
926 947 2
654 425 6
715 212 9
368 613 5
378 355 5
716 756 10
847 714 5
924 834 8
962 654 1
893 579 1
65 953 9
269 259 2
239 885 2
938 59 1
813 541 7
864 552 1
770 696 9
530 465 1
545 416 2
158 79 10
633 511 2
328 20 9
43 513 5
486 53 3
391 549 10
327 409 2
15 484 5
149 294 10
1 795 3
593 47 9
442 82 6
643 470 9
454 398 8
305 250 8
525 885 9
772 392 4
62 927 9
171 884 8
304 120 2
472 611 3
690 179 10
895 207 6
124 848 9
856 560 2
185 633 3
243 647 3
293 506 2
996 818 7
992 418 8
476 229 8
370 611 10
540 923 6
517 608 2
484 994 8
431 134 7
124 222 2
207 451 10
934 13 9
912 28 4
348 1 1
422 426 3
463 942 2
456 729 5
346 675 8
450 904 1
293 71 3
152 447 6
809 530 7
474 182 6
544 270 9
570 499 2
212 712 10
336 460 2
88 210 8
408 862 7
411 242 2
651 258 7
884 768 10
437 154 3
499 541 1
844 789 6
114 902 10
670 277 8
613 127 1
441 519 6
38 587 3
377 498 5
540 741 7
727 783 9
654 892 3
861 878 5
498 429 5
316 630 6
131 960 5
618 886 6
509 198 8
755 620 6
600 10 3
142 441 6
535 793 4
840 318 7
773 379 5
274 666 9
864 903 7
673 729 1
330 826 4
683 735 9
857 905 6
886 53 8
165 760 6
604 780 2
591 237 9
537 73 3
234 91 4
949 49 7
454 976 1
389 17 9
754 775 9
297 354 10
798 309 6
706 325 8
769 605 6
555 547 8
113 505 5
509 966 5
968 79 4
698 905 6
886 606 4
167 631 6
830 967 4
36 282 9
92 114 1
658 840 1
1 358 3
384 88 4
185 970 7
634 607 2
958 381 1
621 75 5
249 59 7
979 335 2
269 19 8
57 175 5
134 441 6
864 913 1
189 805 8
746 779 4
64 166 3
259 211 10
259 498 8
168 97 9
309 760 1
445 2 6
923 647 6
626 49 3
809 635 4
473 191 6
559 436 1
803 632 6
465 485 5
790 641 2
275 524 1
968 253 2
814 331 7
773 813 1
107 385 1
134 432 1
894 223 2
136 717 3
723 224 3
615 417 6
386 557 10
930 420 1
392 578 1
308 230 3
420 982 2
445 271 1
65 552 1
209 653 6
841 330 3
426 817 6
13 868 3
11 376 6
123 410 9
548 966 7
626 5 4
468 54 1
42 301 8
288 860 4
124 390 5
241 664 4
990 617 8
178 260 9
106 594 10
716 518 6
671 150 8
498 505 1
902 557 9
710 432 4
170 492 8
419 285 1
853 715 1
301 849 3
158 569 1
212 434 1
518 722 4
468 981 4
928 590 8
453 587 5
979 515 6
449 860 8
289 815 6
498 640 1
484 555 10
165 440 7
742 237 10
471 254 4
28 207 9
859 930 3
384 808 10
986 789 8
603 88 6
979 415 8
562 708 10
575 68 5
587 449 8
821 200 10
604 574 3
116 816 5
219 172 5
931 485 9
402 172 9
254 402 9
181 963 5
959 332 9
109 247 3
867 6 2
629 758 6
661 499 7
853 916 3
495 974 9
126 355 8
621 628 1
56 409 9
393 411 3
627 163 5
351 559 5
990 54 6
702 761 6
792 823 8
665 414 7
313 521 2
827 963 4
80 109 2
312 675 9
43 709 4
560 459 2
721 936 7
883 925 3
646 102 10
296 209 4
861 629 4
395 766 1
93 239 4
784 222 9
26 988 1
420 100 4
549 755 7
714 431 5
745 319 7
847 163 7
605 195 5
914 527 8
750 449 5
424 119 3
738 492 7
998 1000 7
623 278 7
23 796 7
522 458 1
773 315 5
956 108 6
155 366 6
83 582 10
257 448 10
798 928 1
153 291 1
563 670 7
413 144 5
627 325 5
157 773 5
595 795 4
140 917 4
250 134 1
688 848 2
408 665 7
220 882 10
874 449 7
295 45 10
602 442 4
355 435 5
271 9 5
46 196 5
351 734 5
664 519 10
267 129 10
447 910 7
977 254 3
261 773 2
808 904 4
725 87 4
183 788 7
594 324 5
611 546 4
316 418 10
917 633 8
42 484 3
454 24 2
555 339 8
404 792 7
205 340 4
516 603 2
85 664 4
94 393 10
798 745 1
849 429 8
70 326 3
752 926 10
463 881 5
809 54 4
337 345 3
355 13 8
852 356 5
977 598 8
134 136 5
988 136 7
939 887 2
587 150 6
483 842 10
124 867 7
298 926 9
685 708 1
918 102 10
403 500 9
53 849 9
74 552 8
629 359 10
680 829 6
726 735 9
192 638 9
222 863 4
144 426 9
628 694 4
977 124 2
835 55 1
943 152 6
908 694 10
593 349 5
891 90 3
1000 249 7
703 444 6
695 554 9
795 873 5
403 517 8
134 19 6
550 733 4
597 870 9
682 154 10
3 97 6
448 521 1
267 766 6
668 823 9
424 803 4
218 688 5
723 890 4
43 477 5
972 225 5
70 338 10
999 951 9
579 292 1
794 299 8
899 46 4
151 275 8
326 260 2
143 666 4
903 219 1
844 761 1
58 946 3
571 193 7
40 626 2
362 49 10
147 150 1
796 142 10
10 882 3
978 901 1
791 709 10
867 341 10
759 673 8
133 758 7
613 36 6
414 482 6
222 861 9
896 154 7
784 853 9
522 408 3
83 382 3
533 454 8
472 839 3
816 807 6
719 483 8
447 782 5
784 393 9
822 194 5
210 680 4
114 840 6
415 112 6
634 19 2
469 431 7
564 599 3
223 951 4
524 147 1
285 707 9
782 257 7
166 375 10
875 868 7
605 445 1
105 966 9
338 535 6
641 263 3
391 732 8
536 606 5
702 631 10
193 911 6
162 413 9
363 228 4
790 737 5
773 910 2
539 82 2
413 753 8
750 385 4
39 984 3
417 77 7
451 377 4
511 241 2
587 807 3
287 675 7
449 898 1
114 969 2
28 333 5
173 773 4
313 386 10
962 293 8
357 786 4
69 780 7
751 190 2
885 792 2
560 643 2
583 414 4
4 502 6
222 543 7
834 199 4
558 130 3
796 106 4
502 783 5
19 87 10
231 985 9
787 726 6
860 475 10
293 748 4
318 326 5
603 67 10
947 973 4
38 366 5
95 521 5
614 639 4
985 493 5
371 515 9
664 643 9
930 526 10
755 171 6
303 497 4
224 974 1
853 786 7
57 853 8
999 151 5
67 582 5
757 664 3
614 991 8
787 91 1
624 287 5
188 44 7
604 440 7
746 439 3
636 593 5
608 456 2
732 424 6
673 749 6
3 57 2
993 456 7
575 419 7
966 389 6
595 295 9
521 112 4
387 55 3
836 185 4
51 129 6
384 875 7
336 227 3
369 752 1
341 728 6
9 959 3
249 1 2
866 245 1
559 916 6
283 312 4
607 250 6
896 10 7
889 85 8
334 224 2
239 267 5
343 553 2
125 202 3
56 635 1
789 800 7
576 667 6
205 923 2
743 264 9
297 95 5
416 241 6
285 551 5
598 294 4
501 673 5
938 694 9
467 474 6
767 812 7
440 106 3
553 651 9
568 396 5
214 987 3
819 951 7
170 792 1
641 435 9
481 314 6
76 357 1
912 950 4
337 241 8
368 268 2
134 93 6
930 961 9
408 939 7
401 757 10
320 162 5
980 312 7
730 882 4
952 323 2
51 495 3
642 605 6
524 47 3
182 836 4
228 318 6
623 813 3
469 691 2
444 177 4
800 780 10
417 913 1
968 438 9
413 865 5
376 774 7
295 609 10
651 182 2
812 129 9
144 961 5
779 945 7
450 516 6
732 199 9
701 197 1
923 464 4
150 16 1
459 988 5
567 522 6
283 800 7
891 80 1
127 415 7
802 659 3
629 577 6
678 324 6
963 256 1
964 789 3
456 285 2
843 489 9
885 386 1
297 426 7
822 740 10
804 657 1
492 798 7
420 708 7
279 659 1
216 265 4
503 357 7
28 516 8
148 833 8
187 326 8
597 589 4
921 130 10
377 272 6
426 435 1
561 429 10
463 256 4
21 613 4
647 771 2
319 529 1
109 795 4
108 409 8
776 105 9
258 278 6
333 808 7
903 316 9
570 29 8
520 922 6
94 190 1
995 950 7
197 35 1
630 918 8
76 43 9
53 658 2
407 800 4
774 847 10
196 918 9
748 712 5
452 332 9
277 910 10
428 213 6
868 186 2
742 117 1
600 754 5
44 954 4
271 763 3
81 710 9
372 791 7
565 958 9
927 327 6
831 668 3
993 563 6
774 222 7
859 410 7
733 680 4

