100 99
97
1 2 7
2 3 10
3 4 2
4 5 10
5 6 2
6 7 7
7 8 10
8 9 8
9 10 5
10 11 8
11 12 1
12 13 3
13 14 2
14 15 5
15 16 4
16 17 2
17 18 1
18 19 6
19 20 4
20 21 8
21 22 5
22 23 2
23 24 1
24 25 7
25 26 1
26 27 5
27 28 2
28 29 3
29 30 6
30 31 4
31 32 2
32 33 3
33 34 5
34 35 5
35 36 2
36 37 6
37 38 7
38 39 3
39 40 4
40 41 1
41 42 6
42 43 9
43 44 8
44 45 7
45 46 8
46 47 6
47 48 8
48 49 6
49 50 3
50 51 5
51 52 9
52 53 10
53 54 10
54 55 5
55 56 3
56 57 7
57 58 6
58 59 3
59 60 7
60 61 3
61 62 9
62 63 10
63 64 7
64 65 9
65 66 1
66 67 1
67 68 6
68 69 8
69 70 4
70 71 3
71 72 10
72 73 7
73 74 10
74 75 8
75 76 10
76 77 4
77 78 6
78 79 2
79 80 8
80 81 10
81 82 5
82 83 4
83 84 1
84 85 9
85 86 7
86 87 5
87 88 1
88 89 9
89 90 2
90 91 5
91 92 4
92 93 6
93 94 8
94 95 9
95 96 4
96 97 3
97 98 1
98 99 6
99 100 1

