20
7514 121 4199 14 20 570 714 4335 1326 294 1540 1071 1482 10725 8470 53482 323 23595 238 7
26 4199 1045 1282633 13 57 2 6 13034 14 17290 13 231 19019 2 22 323323 390 7 13
378301 51 1617 2 342 385 76 5 5 33033 462 11 52 100 8398 17 247 588 425 83486
361 308 10241 969 22 5 2023 133 6137 741 233206 6 14365 152 3971 2873 14 31603 2926 1045
122018 39 100793 51 5 1190 1045 14212 22 133 14 26 11 19 3185 17 34 65 357 21658
2695 14079 51 78 2 13 38437 28798 6006 28 390 286 3549 361 3 221 36822 15895 3861 77
441 33915 74698 2 1615 210 182 11050 390 17 10 22 4693 57 390 13 54 169 380 16
24453 17 11495 35378 65219 19 26026 22 2 1155 19 1710 286 70 221 5 275 22 5814 21318
247 3553 3003 10241 42483 1001 209 3230 71995 418 19 13 153 119 285 33915 17290 9163 3179 7
2470 4598 741 230945 143 17 833 93347 726 1995 26 95 9386 65 125229 60515 1309 17745 17 17
5070 931 17 1870 60515 35 187 24453 875 117249 32946 2 6 1235 1870 7315 55 91 34 4641
5491 7 17 13 45 119 315 20 9724 57 49 23205 77 7410 363 247 7 4004 12597 3025
323 425 1785 11 5 1625 7 2873 6 455 3 20449 221 6 13 36465 663 4 11 14
221 51 312 8151 833 988 18590 34 390 1105 80465 7 308 143 19 1694 50 19 19019 357
85 25 3 238 374 221 525 19 855 13 16731 31654 66 17 1045 17 2730 31977 4114 1715
15470 19 3 595 154 133 4199 1300 19 494 2 13310 680 3 25 114 5415 25 15 382109
8645 21 25935 13 22 780 5 12597 4732 242 3927 325 3 2601 323 209 39 3 6 2145
209 10285 361 5049 105 4998 490 3 3861 7 30875 7410 660 19 51205 17 196 1729 18 5
13 34 43225 53295 2926 2 39 38 76 323 20995 1309 65 231 57 171 550 17 1881 13
19 242 112385 7 6006 19 51425 245 38 19 969 665 11 58786 7 19 2223 472549 302005 5


