20
7 391 29 10 5 247 1235 957 741 29 1105 55 5 23 203 418 23 609 841 6877
154 11 209 665 11 17 551 52 7 7337 1463 23 39 6 11 22 25 91 5083 3857
161 85 1479 319 13 455 238 13 23 12673 29 38 13 11 437 29 1495 70 17 51
2737 5681 1105 174 3059 247 23 11 4 17 2 145 2233 6061 290 377 7 19 9367 3
29 957 1421 7 6137 92 51 2 161 26 1955 29 11 3 2 253 15 17 4 35
19 391 494 3 1859 3703 110 253 782 1653 7 1265 2755 6 595 11 507 26 55 154
646 667 361 7 145 253 46 65 5 3 22 361 221 841 5 7429 494 1334 161 23
17 95 494 2 34 442 299 2431 17 6647 29 29 35 7 143 539 2023 161 95 442
931 494 605 17 7 507 741 10 143 1682 841 377 2 5 7 299 3887 609 7 55
897 165 187 17 667 13 2 1001 121 437 833 121 986 377 29 143 2737 91 17 2093
78 230 42 182 17 1547 138 66 437 13 2527 29 75 174 290 175 1885 119 429 3553
66 11339 182 1309 165 87 29 299 46 1083 14 147 13 57 19 153 663 209 1771 805
77 841 102 2261 11 19 29 2001 627 5 247 425 1463 7 121 14 247 3 377 19
598 7 29 29 23 11 289 11 3059 14297 15 11 867 77 715 13 35 19 19 325
102 33 95 38 1463 23 75 87 221 391 4301 203 3 15 2 19 377 2233 19 4301
10 782 22 385 17 207 2639 299 13 7 11 551 29 15341 29 33 7163 494 5 2639
102 23 1131 529 92 667 299 2093 5681 17 13 23 7 17 11 91 77 627 39 323
1334 1083 19343 345 209 1495 8671 13 231 11339 203 759 87 238 782 23 6 116 19 2
322 1771 357 429 19 361 11 2 1334 1421 7 98 46 187 147 114 667 3 23 19
3 10 19 475 1334 833 11 143 91 133 169 17 374 143 21 2001 253 1445 6409 6061

