20 20
8 10 1 7 1 9 8 10 8 8 9 7 10 8 6 10 8 5 3 3
10 3 4 3 7 5 8 8 10 7 6 12 4 4 6 4 6 6 7 12
8 9 5 9 5 6 8 7 13 14 7 8 5 8 8 12 7 10 11 6
11 14 8 9 9 11 11 9 16 14 16 12 12 13 7 14 11 14 10 9
12 14 18 12 12 13 17 14 15 16 14 15 12 17 17 9 15 12 12 17
12 18 11 13 19 18 12 11 13 19 17 17 18 19 17 15 15 11 12 18
19 17 16 17 19 19 22 18 19 14 16 14 16 15 18 19 22 15 16 18
23 21 24 15 17 24 19 16 21 17 18 24 16 16 22 16 22 24 16 20
23 25 19 17 18 23 25 22 22 22 21 19 19 23 18 23 24 22 18 22
28 27 19 25 25 27 26 27 25 25 26 24 23 27 23 26 23 27 21 28
23 28 22 27 23 30 25 27 25 30 29 24 29 29 25 25 28 24 25 21
23 27 30 28 23 29 26 31 31 31 26 24 27 23 24 23 31 27 30 23
34 27 28 34 26 33 30 30 27 30 33 33 26 32 32 32 27 30 28 30
27 32 27 32 35 31 29 34 27 34 31 33 32 29 33 34 33 28 27 33
34 37 32 37 29 38 38 38 29 35 36 33 31 31 35 31 33 30 30 36
32 39 37 37 38 31 34 40 34 37 32 38 34 34 34 35 36 36 32 35
34 34 40 41 41 34 34 33 36 40 39 37 40 34 33 37 34 42 38 35
39 41 43 42 37 44 38 37 42 38 42 40 44 35 41 39 40 37 41 36
45 44 42 45 43 45 41 38 43 38 38 39 44 39 39 43 38 44 41 44
42 47 39 44 45 48 47 46 45 48 42 48 42 40 45 44 40 48 42 44

