100 100
12 3 10 19 37 26 19 7 9 46 26 7 45 37 44 37 2 4 7 35 42 5 38 30 20 39 30 13 17 6 1 26 19 19 18 15 18 2 44 48 40 22 41 30 2 5 8 20 15 18 7 31 16 28 6 27 12 43 45 13 31 24 29 17 14 45 37 26 28 32 6 4 10 14 40 47 13 21 13 48 29 13 42 13 30 34 17 44 47 4 34 44 31 37 45 1 21 26 22 30
49 11 55 15 17 24 41 20 34 39 57 59 58 47 23 60 32 20 59 34 19 24 22 48 29 37 46 51 19 41 38 20 60 32 26 21 38 25 34 37 55 58 51 21 21 27 28 54 13 50 48 50 29 47 13 18 35 31 54 29 39 18 18 32 55 21 38 57 54 48 48 35 21 33 39 50 39 19 37 57 53 26 26 49 50 24 60 47 20 30 59 21 53 53 27 51 39 42 20 22
33 62 43 69 60 45 25 58 65 59 62 27 36 43 37 51 45 49 69 63 47 67 60 65 63 70 21 70 37 46 60 46 49 26 28 39 34 67 64 36 33 62 47 32 47 60 60 47 68 27 22 21 54 25 36 54 55 38 66 53 63 32 41 58 29 26 55 25 25 29 41 25 59 29 28 46 24 51 69 25 65 67 69 35 52 31 61 66 26 60 64 47 32 56 70 68 60 53 42 56
50 39 61 41 66 42 59 65 43 46 79 46 61 72 43 71 58 63 75 80 49 55 32 36 34 65 72 55 54 58 64 48 47 46 61 39 33 48 71 57 56 34 79 54 35 67 42 64 49 71 73 60 62 45 73 49 78 61 34 43 80 40 45 37 64 59 48 68 80 34 69 80 45 41 66 78 70 31 36 55 70 69 56 67 48 66 49 53 48 43 61 37 74 47 58 34 48 57 43 53
64 68 44 47 86 45 44 59 41 41 72 58 65 89 43 86 86 70 61 74 49 64 59 87 51 57 55 48 52 45 64 63 82 53 55 74 42 53 55 88 50 52 55 76 57 89 46 71 85 75 59 41 65 78 67 66 76 58 50 87 59 87 44 48 61 87 67 63 60 45 48 72 66 83 63 88 63 66 66 87 63 90 84 77 48 67 79 72 88 78 67 88 49 47 64 55 58 44 76 72
60 93 67 91 64 66 70 84 85 64 71 98 92 52 80 59 84 83 63 97 86 56 53 96 96 67 73 58 82 86 93 93 52 71 67 65 66 79 63 81 83 60 75 75 99 98 62 85 79 75 73 72 81 69 51 59 80 57 72 64 95 56 62 87 91 81 60 51 99 57 80 96 58 100 88 79 60 56 57 54 77 59 53 80 87 60 59 61 74 66 62 66 70 100 66 62 79 92 54 60
66 103 89 66 103 103 106 80 93 67 70 95 77 92 97 64 73 79 100 98 78 110 99 99 73 71 98 82 83 85 61 89 91 89 69 87 82 78 69 102 102 68 70 68 73 62 103 102 94 89 68 76 104 84 109 61 77 73 74 97 95 87 63 106 67 97 105 89 109 70 109 68 65 64 102 66 108 70 69 102 66 94 63 106 108 69 86 82 65 88 101 67 78 78 74 71 84 87 101 94
79 117 82 95 90 72 77 88 113 119 95 102 112 103 88 101 94 113 105 82 96 90 118 116 99 81 88 92 85 96 89 119 113 115 77 108 112 107 106 100 90 85 99 73 108 112 114 71 95 116 108 76 94 103 104 79 110 114 92 110 79 105 74 109 107 107 91 112 94 111 93 83 77 87 117 75 93 94 113 114 115 75 78 83 108 118 114 87 83 115 82 112 104 72 101 93 92 84 75 104
82 129 101 90 99 111 84 118 83 111 129 122 89 101 105 121 101 88 118 82 114 105 98 127 104 113 96 92 126 81 128 105 127 87 129 117 124 117 121 88 120 103 114 92 108 97 113 85 95 128 105 122 102 87 130 96 85 84 122 104 125 125 84 108 92 128 96 84 127 89 104 92 99 109 113 109 100 122 103 88 105 127 98 107 94 88 90 89 116 100 95 119 95 117 118 127 130 85 102 106
101 99 98 130 118 123 112 132 100 125 137 113 130 94 127 99 137 121 101 101 109 118 129 115 95 120 137 117 115 109 128 133 137 138 100 99 130 121 99 118 128 136 120 92 112 121 126 107 131 116 107 122 100 101 139 94 115 134 134 110 114 137 129 115 103 129 124 124 127 103 96 111 138 124 104 130 105 105 123 115 91 129 138 118 109 113 129 131 113 133 102 96 98 92 98 93 118 134 113 125
139 113 106 149 129 132 102 124 137 138 125 140 119 109 106 123 125 135 141 121 113 106 112 129 124 147 103 147 135 147 122 144 123 104 130 137 135 139 133 114 130 144 142 112 124 148 146 120 143 148 133 137 143 131 122 121 119 139 121 141 122 106 144 113 141 132 149 142 137 127 136 110 150 101 133 130 148 129 136 137 121 140 109 110 138 111 134 118 147 113 103 113 103 141 122 118 147 114 107 147
145 129 112 159 139 150 112 148 118 116 118 137 115 143 147 134 134 153 126 132 156 145 127 134 150 112 143 113 155 144 118 157 123 149 124 131 132 113 140 154 158 118 144 113 135 156 111 128 144 153 156 149 139 155 146 136 115 152 146 125 127 146 111 122 143 156 135 112 146 146 118 116 137 159 146 146 147 139 121 130 148 143 117 131 122 157 120 134 127 125 136 112 125 147 112 152 154 123 148 122
142 143 139 159 134 151 159 145 124 131 146 169 166 142 163 140 170 144 162 164 152 134 128 148 133 136 149 137 159 137 160 152 159 154 169 142 153 156 158 150 151 164 162 122 127 121 146 145 148 144 154 161 144 151 133 164 150 163 160 167 152 165 131 146 136 143 131 145 146 153 125 124 162 170 147 165 168 164 148 142 169 141 160 157 128 165 154 138 157 130 157 164 131 136 145 145 129 132 149 137
180 155 174 156 140 154 155 147 164 150 141 166 158 143 133 171 141 132 174 161 146 173 164 153 135 180 139 140 137 166 137 146 176 163 139 165 140 148 136 168 163 150 157 138 148 140 149 165 151 149 166 145 176 156 164 142 138 169 177 136 142 171 163 136 175 140 171 135 174 175 180 177 176 152 145 165 163 152 165 150 153 162 175 161 136 143 165 149 169 139 162 132 136 154 152 137 180 177 170 163
181 169 190 185 163 141 190 145 164 180 147 145 170 168 178 148 186 144 176 178 174 161 141 176 181 182 150 161 146 151 170 165 186 180 157 145 147 180 183 160 161 174 184 168 145 142 168 159 142 142 169 156 150 189 144 168 161 189 142 177 188 170 178 184 176 177 172 146 146 185 149 189 172 169 144 177 186 174 173 158 189 172 182 145 159 170 155 181 177 146 162 177 185 164 165 187 184 166 154 148
166 177 165 173 162 167 198 165 174 196 188 197 197 154 158 175 190 165 175 168 173 156 190 155 181 193 172 185 198 158 197 198 174 169 187 196 195 165 181 156 184 169 162 199 163 198 191 151 184 174 161 155 159 194 160 186 198 153 159 167 188 171 166 168 174 188 182 179 176 189 164 151 158 189 195 169 193 153 157 168 175 171 159 167 177 179 157 155 165 165 152 198 193 194 200 165 160 199 182 158
180 169 185 207 206 167 166 171 185 175 179 189 208 192 190 163 173 186 199 206 161 210 168 188 191 180 203 186 204 183 182 192 192 173 189 189 189 209 201 201 170 209 191 175 182 200 177 169 198 202 182 175 166 196 196 169 162 172 181 183 206 176 179 189 178 163 185 210 193 201 187 199 205 168 201 168 186 191 194 166 184 177 173 205 205 170 191 204 184 208 162 198 186 199 193 170 162 174 201 171
217 193 173 176 199 209 216 172 213 206 208 186 218 174 191 213 205 199 185 179 186 176 197 171 190 192 218 181 176 202 180 177 216 215 219 186 180 188 191 212 171 201 195 191 194 178 217 201 178 176 218 184 176 185 213 190 174 173 185 183 179 199 208 219 183 201 201 200 190 218 219 200 176 188 217 190 199 201 174 213 206 177 179 208 214 191 209 188 176 201 206 178 216 189 204 196 198 188 201 194
197 209 213 217 195 212 215 194 230 190 229 214 230 195 187 227 228 193 192 219 205 219 192 215 204 192 204 206 229 222 209 190 191 213 196 225 186 202 226 191 206 227 219 209 219 208 222 183 193 197 218 214 194 198 216 209 211 227 221 212 187 204 212 189 225 225 204 227 198 217 199 187 222 202 222 222 230 230 194 200 200 193 213 216 224 219 199 225 227 189 188 189 195 225 230 230 225 229 200 217
225 239 200 216 223 204 191 203 223 221 206 193 227 195 232 233 220 204 234 191 212 194 195 195 205 218 207 238 194 237 236 202 204 237 218 208 222 203 230 223 229 227 232 229 238 191 238 197 214 200 226 199 191 226 194 237 192 221 226 206 240 219 217 207 205 207 219 223 214 239 214 206 231 234 220 235 222 198 197 200 226 192 208 191 199 209 208 198 234 229 209 222 240 210 234 229 209 217 205 235
201 238 238 241 231 205 250 249 210 221 224 246 212 227 217 216 203 225 216 235 203 243 229 240 209 207 217 234 234 225 246 226 221 228 206 224 210 224 248 209 231 247 240 229 226 207 213 239 235 234 244 221 217 217 250 215 236 232 207 215 250 205 232 221 205 230 220 232 232 201 204 203 206 242 243 219 204 229 238 222 203 215 224 240 224 239 211 243 229 248 243 233 201 248 206 238 232 207 231 227
238 226 226 230 245 242 250 225 215 236 215 248 239 256 229 226 239 245 212 219 215 252 236 245 240 230 255 230 233 223 223 225 259 246 243 228 248 233 235 211 250 235 242 251 217 237 218 232 250 260 229 211 214 240 252 260 243 218 226 258 250 220 251 233 260 242 242 226 256 242 258 245 235 239 254 215 244 238 250 243 251 238 220 228 244 239 246 234 248 226 222 235 227 257 213 232 248 233 247 221
242 237 264 264 245 233 234 226 262 249 221 254 265 255 243 253 259 238 248 245 242 268 261 235 236 254 245 237 242 270 228 242 245 270 268 234 266 268 254 260 252 246 232 250 239 245 231 251 240 240 257 241 236 232 254 224 223 221 263 269 246 240 253 236 225 238 235 266 269 221 238 268 255 244 226 227 269 230 244 253 235 266 258 232 241 248 244 262 232 255 248 255 236 267 222 264 223 270 245 228
254 244 243 233 269 253 279 243 266 237 254 232 265 271 235 279 258 238 278 268 266 242 240 249 277 271 232 240 268 251 266 260 231 244 251 266 262 257 261 249 260 248 275 280 234 244 251 245 269 246 267 252 257 249 237 232 250 265 262 268 242 234 268 246 263 233 262 255 256 278 262 245 248 257 241 236 277 239 232 258 258 234 261 252 276 241 245 246 249 266 238 240 273 272 271 268 274 273 239 265
243 264 277 275 280 274 257 241 246 290 243 273 290 273 253 279 250 244 255 284 261 282 280 273 283 274 274 255 254 259 266 276 279 260 290 242 242 263 251 289 260 270 261 278 247 279 287 247 288 242 282 241 281 251 244 243 286 276 268 268 272 248 241 275 284 282 242 268 250 255 284 260 257 247 247 280 241 258 272 272 287 260 268 245 271 286 242 261 250 284 255 261 245 265 269 270 244 276 284 253
266 285 280 264 272 263 266 293 295 292 300 251 269 285 272 295 299 279 296 259 269 290 294 282 257 299 252 257 290 289 262 276 289 283 300 283 294 274 291 271 286 258 254 269 262 263 262 296 251 294 262 288 278 278 274 288 293 295 262 296 294 293 294 268 283 287 281 266 263 265 291 294 266 259 257 257 280 260 284 288 262 257 297 274 291 259 275 281 289 287 281 278 272 297 252 270 256 273 264 271
273 273 298 277 294 290 293 272 310 272 305 285 299 303 310 277 288 277 294 292 306 265 265 273 276 276 287 266 285 282 263 282 303 304 274 267 296 275 308 289 308 261 278 306 293 309 268 263 308 278 267 284 277 301 281 284 299 271 286 262 262 282 280 289 295 267 302 295 300 298 302 277 290 277 276 290 301 282 304 303 285 283 303 290 304 278 267 264 306 295 304 266 304 275 268 284 270 275 287 261
272 314 319 313 315 313 279 302 319 288 301 308 304 277 301 303 320 276 303 285 282 289 317 305 319 280 272 312 309 318 298 285 311 319 306 283 304 318 314 292 278 315 290 317 307 307 294 297 290 275 276 282 293 320 313 304 272 285 289 306 314 280 289 296 314 281 298 309 304 310 293 296 310 308 309 283 318 305 302 302 317 316 305 275 316 292 296 282 319 305 287 292 317 287 312 276 271 278 273 293
312 318 287 311 304 318 309 327 325 285 283 291 283 283 296 323 319 286 293 284 310 287 289 294 330 281 287 299 311 302 284 300 328 297 323 319 328 297 293 324 327 323 295 287 286 307 298 308 318 294 284 291 281 313 303 319 292 303 330 284 320 326 330 305 308 288 323 293 283 309 297 288 329 292 284 312 304 324 326 321 320 299 328 281 294 308 312 326 328 288 320 323 317 307 324 299 317 309 305 295
331 309 331 323 297 320 326 300 320 306 337 306 293 302 330 298 308 325 317 314 325 311 316 325 319 325 339 311 332 339 320 331 306 301 331 319 332 331 323 333 330 294 303 328 312 333 297 327 313 329 293 297 316 335 336 296 309 308 338 321 330 295 336 300 337 291 313 319 333 315 317 301 339 305 328 335 303 310 309 316 326 313 322 310 306 296 309 309 313 316 340 324 296 332 323 338 298 322 340 337
307 314 302 312 341 336 315 337 323 309 307 330 335 316 321 347 312 318 308 310 325 328 317 304 335 302 316 347 333 344 319 347 339 315 316 324 341 324 350 335 321 305 334 342 326 321 343 330 309 302 333 311 330 318 307 326 316 345 342 301 317 311 301 344 319 340 306 332 317 329 316 329 303 310 301 330 333 320 347 303 346 313 308 317 342 314 345 332 346 308 323 320 324 309 341 337 343 324 340 339
317 315 349 350 354 326 347 342 342 334 344 356 319 329 320 360 359 334 323 315 320 341 345 351 355 322 347 315 332 340 325 329 349 340 340 348 312 359 312 346 324 335 320 347 311 338 332 355 334 325 328 349 358 324 313 315 334 331 321 358 330 320 355 353 358 314 319 312 313 325 336 325 334 359 341 332 347 330 356 345 321 347 318 347 353 334 326 358 350 320 314 328 313 341 344 335 359 354 342 346
327 328 324 341 351 337 323 360 336 366 359 323 360 346 325 366 341 326 347 348 338 323 338 322 344 330 370 341 347 344 370 340 342 368 364 327 343 366 369 365 351 355 324 342 347 354 352 343 335 351 364 357 337 353 348 322 331 359 328 337 329 331 357 367 352 348 353 337 322 348 339 362 365 325 325 331 331 344 356 347 328 362 348 325 361 337 327 342 332 340 327 354 324 328 337 348 350 325 321 350
368 331 343 379 347 348 341 356 358 348 361 375 374 350 341 347 377 343 338 333 376 376 357 378 357 342 364 373 332 334 360 358 339 371 358 344 335 348 343 341 374 373 374 379 344 375 350 356 351 339 348 335 334 369 358 376 358 375 369 379 369 366 363 351 357 372 353 365 369 343 346 363 376 376 373 339 347 335 380 352 360 349 349 376 363 353 367 374 365 348 368 373 375 334 340 343 358 336 354 365
369 390 364 361 347 367 382 384 354 371 369 376 352 379 384 358 346 383 347 362 377 346 343 354 368 388 381 365 379 388 348 356 377 343 364 352 348 345 368 373 377 373 341 386 371 381 375 361 357 372 386 352 364 385 390 385 351 369 386 387 364 371 381 365 375 390 376 360 383 361 386 357 345 375 364 366 357 353 384 383 383 380 368 357 388 380 357 343 350 382 363 347 365 343 372 360 349 343 379 360
389 395 386 385 399 369 371 355 384 366 396 368 382 376 395 385 384 371 396 383 384 352 366 369 367 400 353 394 369 375 396 356 353 370 361 353 384 376 356 393 369 382 397 380 365 376 374 361 370 360 363 384 396 381 370 374 379 391 384 384 381 358 356 385 363 387 355 382 366 400 361 370 391 375 356 351 385 357 371 376 357 361 378 378 387 358 389 356 381 357 380 383 367 390 388 384 370 387 361 360
390 407 394 362 378 406 392 408 400 368 387 382 377 377 370 364 373 401 377 383 363 397 375 409 383 398 382 370 408 397 392 363 390 390 410 377 402 366 407 395 388 373 378 382 368 365 366 407 367 405 384 378 406 400 362 408 393 397 396 363 404 400 395 383 384 369 393 397 382 395 386 371 372 389 395 365 368 378 365 406 402 399 404 407 394 406 364 372 368 388 400 372 373 371 368 406 369 373 367 376
393 376 387 391 411 403 412 398 376 383 406 380 374 381 392 404 401 381 404 398 382 405 380 389 379 404 396 377 396 386 382 399 388 415 410 390 402 397 375 415 419 384 417 408 420 395 405 394 419 384 393 394 407 381 410 377 372 408 413 385 415 418 386 377 372 417 374 417 397 379 380 381 402 410 379 412 394 397 412 402 395 395 405 414 411 419 405 377 409 377 394 388 387 386 384 415 385 419 389 379
430 395 425 394 416 420 385 385 383 388 391 412 421 388 412 390 420 424 395 408 427 393 404 420 400 403 402 408 406 410 386 384 415 418 411 423 423 395 394 389 428 393 387 430 405 398 428 420 412 392 423 404 428 387 425 423 403 425 429 409 400 410 406 392 406 383 401 412 424 411 405 386 410 400 390 405 397 415 387 402 427 418 417 396 389 407 426 418 385 381 414 424 426 430 391 389 418 390 416 422
400 400 428 393 420 397 394 421 420 397 431 401 402 393 416 395 421 425 415 419 432 394 392 398 410 422 403 429 397 403 418 426 417 399 391 411 437 402 425 438 392 434 399 416 425 397 428 416 406 419 419 423 430 425 424 435 419 400 404 395 422 434 402 433 395 395 405 399 434 436 419 423 404 417 436 425 391 398 397 426 436 410 397 399 430 419 404 437 411 392 417 432 423 427 404 420 418 440 405 391
419 414 403 405 445 406 447 416 442 431 429 443 433 436 401 417 439 449 412 420 446 418 427 434 418 411 444 404 444 422 431 418 433 445 436 418 416 450 443 408 403 438 438 445 438 433 403 401 405 445 408 401 418 416 443 415 436 441 427 449 430 436 434 437 424 447 433 425 429 419 403 433 441 424 424 408 418 434 434 410 426 421 411 417 402 407 408 436 438 443 415 437 421 417 447 430 430 415 426 410
445 446 452 424 439 456 414 425 448 418 460 419 431 430 411 437 429 422 416 437 451 454 438 413 442 420 450 419 455 445 430 438 430 418 412 422 430 430 411 429 456 451 412 426 433 426 424 447 439 458 442 433 430 450 437 425 426 421 416 443 428 429 442 441 449 438 457 446 428 459 443 447 433 449 447 413 425 413 446 414 447 438 448 414 421 417 441 438 451 423 436 437 434 427 428 426 458 456 455 435
452 445 426 434 448 440 440 461 448 449 458 450 422 425 439 432 454 425 436 431 459 463 460 470 430 429 452 453 460 450 436 425 469 465 436 423 438 454 463 429 466 435 422 434 426 425 457 431 457 424 436 470 441 421 433 455 438 467 457 426 429 459 431 447 441 424 422 461 452 446 444 430 459 446 468 441 435 462 463 434 465 461 463 457 426 454 445 431 446 463 462 429 461 457 449 449 428 446 467 437
437 471 451 451 447 450 464 437 468 438 458 472 434 439 461 456 431 474 445 439 479 462 451 470 431 434 472 478 437 457 452 443 462 474 434 432 475 473 475 465 466 480 458 453 472 433 457 480 464 455 434 446 453 473 477 465 455 463 479 467 461 439 475 464 479 440 472 436 466 456 434 466 432 458 448 439 463 447 459 469 476 442 450 467 448 463 468 436 432 436 440 447 455 445 449 446 470 456 477 457
467 467 485 452 449 451 444 470 444 476 464 490 475 478 458 470 487 485 478 485 460 483 483 458 474 444 461 454 484 446 460 470 469 480 450 476 449 464 488 480 482 470 473 447 454 489 474 472 483 469 468 466 459 481 452 490 484 462 463 466 463 486 451 477 448 441 490 463 460 448 459 482 464 455 460 474 471 442 454 477 452 442 451 476 483 469 460 441 449 461 479 444 441 457 457 470 485 455 474 465
458 497 494 495 499 481 489 470 451 493 475 497 498 466 492 484 499 500 488 477 475 487 472 495 499 495 465 476 494 496 485 456 452 496 494 488 479 498 456 465 467 452 461 488 454 485 490 457 458 488 488 475 486 482 487 460 456 473 487 485 483 451 475 492 481 454 490 456 458 478 495 486 457 486 498 489 455 489 475 461 488 486 452 460 499 468 477 488 481 461 500 480 493 473 478 461 491 492 467 451
465 490 477 494 464 482 496 498 484 496 503 503 500 509 472 507 494 466 476 495 487 462 476 500 478 489 468 498 505 509 479 482 463 463 488 482 496 468 494 506 499 501 509 489 503 464 477 482 477 491 468 463 498 485 499 507 488 467 506 473 463 461 461 473 488 481 476 509 477 501 498 468 501 479 488 510 469 479 465 475 489 470 484 493 509 462 504 502 499 491 509 510 461 504 492 493 509 507 499 510
515 498 477 486 516 480 515 487 510 492 496 479 514 520 500 499 485 481 495 512 478 516 502 497 519 487 471 481 520 491 489 508 515 516 493 496 495 486 498 506 493 494 498 510 520 479 515 518 488 480 514 490 502 499 502 488 511 513 474 514 507 515 473 494 513 502 478 515 492 488 499 484 471 474 507 514 490 508 490 478 483 491 509 500 497 477 510 515 518 489 503 509 516 496 487 517 496 518 519 479
487 501 482 510 505 529 489 495 510 485 495 515 503 482 523 500 519 519 520 520 510 484 504 490 514 497 495 517 498 482 501 491 505 509 500 519 529 526 503 508 517 525 506 498 501 506 519 502 517 520 515 508 485 481 524 499 498 504 488 527 519 491 503 497 508 520 489 523 503 495 502 485 517 506 528 510 501 514 506 513 492 509 517 514 491 523 527 486 492 482 515 488 526 499 509 509 488 523 523 495
508 499 522 519 527 525 529 512 516 530 491 524 510 516 519 497 505 532 536 492 495 516 531 536 539 516 497 504 515 510 510 515 539 528 519 509 504 506 510 529 520 502 530 520 493 491 497 531 528 508 525 514 505 503 509 502 499 501 495 514 536 491 506 498 535 534 497 520 519 523 505 511 523 511 497 522 513 515 513 495 534 524 504 493 531 533 536 492 497 511 539 501 497 493 524 501 491 510 535 514
504 527 534 521 534 537 536 503 550 501 550 508 528 540 513 520 501 530 518 527 528 549 529 529 515 546 550 525 549 541 524 510 547 522 530 543 541 507 510 519 544 524 531 529 504 502 536 515 524 538 543 503 520 515 545 510 529 539 526 537 504 540 544 533 519 512 545 509 540 530 513 508 504 543 528 532 524 506 507 517 535 511 544 542 519 532 542 509 531 544 501 546 515 509 521 523 544 550 524 528
532 551 517 528 542 537 532 549 537 537 538 518 531 546 543 558 552 531 514 536 549 512 554 519 518 550 543 549 557 540 560 538 514 542 512 521 550 535 547 551 515 522 528 549 525 537 526 545 523 537 518 553 558 514 546 518 516 518 556 511 538 523 546 553 519 545 535 532 532 558 518 540 547 515 549 519 527 546 559 557 543 527 549 519 553 540 553 533 546 515 517 559 533 525 552 537 533 555 539 549
562 530 561 569 552 561 553 570 548 544 541 545 540 521 551 558 546 521 560 559 545 546 528 525 525 547 569 549 551 523 541 529 561 537 547 544 563 563 563 544 563 529 559 542 555 550 536 549 563 551 540 526 544 537 562 526 534 542 568 550 535 570 541 536 558 526 561 541 563 568 534 542 557 553 542 539 533 545 538 522 561 527 532 521 525 547 532 552 544 526 554 541 541 521 565 542 556 521 546 538
577 534 568 557 557 567 566 554 542 564 558 558 549 580 531 534 571 549 559 552 531 550 555 534 565 549 541 571 551 568 562 537 561 569 533 578 550 538 555 533 577 566 556 540 575 546 549 531 563 542 541 573 552 565 560 543 540 546 566 543 576 579 535 533 564 542 534 551 548 579 564 531 557 540 531 577 546 541 573 557 535 557 560 571 557 564 579 562 534 563 557 580 560 549 559 534 555 542 574 550
575 551 571 568 562 564 583 553 581 584 566 555 586 543 578 553 567 567 545 552 590 585 562 590 574 557 568 583 575 570 586 590 562 588 552 560 575 573 547 580 570 568 576 545 589 571 573 558 557 575 566 590 563 560 575 588 549 571 554 576 554 546 571 554 565 579 546 572 563 546 543 546 566 551 555 586 569 550 568 547 581 557 547 564 566 552 583 559 549 553 545 584 578 560 542 586 558 545 564 585
598 592 583 589 574 571 592 587 578 577 561 580 584 553 567 580 568 588 582 573 568 591 557 580 587 580 554 553 592 556 567 594 563 574 582 594 590 563 560 581 572 591 599 561 551 598 587 567 591 567 562 571 586 575 582 557 600 560 558 576 583 551 563 584 586 560 590 574 582 589 595 571 553 573 592 555 600 587 567 575 551 587 590 572 561 584 588 581 572 562 580 587 587 594 594 559 574 553 580 593
575 605 577 609 606 572 562 602 567 591 569 606 579 610 587 565 589 605 609 579 574 578 602 576 597 570 599 596 603 609 597 589 581 583 561 569 566 586 563 594 594 586 592 581 585 600 603 585 589 581 608 590 581 570 610 574 600 561 570 566 603 564 594 579 564 595 610 597 576 605 587 586 597 610 594 580 577 603 580 604 584 592 573 563 599 602 572 577 599 594 562 578 576 587 568 607 599 580 606 601
603 580 591 606 601 598 573 592 602 579 604 581 594 572 576 597 611 573 612 615 579 590 580 614 598 594 582 593 573 607 599 618 610 620 576 587 608 596 613 606 605 608 589 605 602 601 596 611 573 603 598 579 619 577 589 571 582 599 574 581 582 614 578 589 609 589 612 615 598 599 571 582 618 605 614 596 573 606 595 589 576 616 619 597 606 613 616 586 578 578 577 580 620 619 616 619 581 599 581 577
592 625 628 605 618 586 602 602 589 609 586 611 616 582 627 616 619 620 605 614 620 605 604 598 616 592 614 601 589 592 604 590 581 628 582 591 582 614 624 588 591 607 612 630 591 618 594 589 607 608 581 603 597 612 600 585 586 599 591 599 630 587 607 594 605 612 617 624 585 622 595 600 581 601 629 597 627 614 622 603 588 585 589 618 618 615 587 626 587 594 613 587 591 581 585 601 605 596 628 585
614 615 602 598 608 596 604 637 640 599 632 633 599 633 593 635 592 600 608 612 607 597 634 617 593 632 621 601 599 591 596 627 602 616 632 633 597 598 634 628 617 619 600 591 636 615 632 618 601 631 606 593 620 599 598 630 640 632 635 605 598 624 614 615 639 608 597 615 629 619 598 592 597 597 611 640 614 626 605 603 610 591 617 615 635 599 627 629 615 598 618 621 613 603 617 608 637 600 611 606
648 646 617 603 610 635 620 609 637 630 635 650 642 639 650 627 616 602 623 604 640 611 627 610 626 623 635 636 643 602 609 631 619 644 629 643 642 620 637 642 638 644 636 646 607 607 634 604 634 602 643 649 629 615 616 630 610 618 614 650 618 646 643 604 605 633 632 627 643 631 649 618 616 630 620 633 645 630 639 614 613 644 631 649 618 640 610 612 620 620 625 624 639 634 649 618 634 614 628 640
630 624 653 634 631 617 656 613 640 626 633 650 651 627 637 646 615 625 618 622 654 625 657 650 646 645 646 652 621 645 643 616 613 630 648 660 634 621 640 623 622 659 620 639 621 643 650 649 643 654 657 614 615 615 627 617 615 640 656 637 620 625 622 618 641 615 624 628 624 634 646 614 656 645 652 640 626 616 613 633 649 616 629 643 647 650 656 637 642 649 616 647 632 647 655 639 647 622 660 622
644 649 659 627 654 629 632 622 634 621 651 629 655 659 649 640 653 648 638 652 630 641 626 649 649 645 669 666 666 652 644 665 642 649 637 666 630 653 662 663 668 652 625 659 649 659 642 631 642 635 629 631 627 669 641 638 645 621 659 659 669 656 644 661 652 631 643 647 632 666 653 643 660 627 627 650 639 658 653 652 666 630 625 652 664 667 630 647 642 646 666 635 644 661 621 629 629 647 634 623
671 667 648 660 641 644 649 632 677 676 675 653 631 657 666 638 661 666 645 654 679 637 635 666 666 654 648 643 651 645 646 641 653 673 670 662 645 666 647 667 648 674 634 655 631 650 654 655 636 680 644 678 662 660 643 674 660 650 671 633 652 675 636 656 673 663 636 670 633 680 672 659 634 678 672 667 637 679 636 655 649 667 667 642 634 635 642 640 677 676 635 652 678 637 666 651 675 642 645 646
675 682 655 687 647 673 687 677 663 679 670 657 664 685 677 662 689 643 655 642 645 643 663 647 665 671 670 676 658 643 675 680 659 669 673 643 641 641 660 657 683 670 660 659 647 642 671 661 659 663 675 673 657 678 670 655 670 653 671 680 686 682 666 686 677 646 671 683 647 667 674 647 676 673 686 668 673 654 689 686 669 677 670 650 664 671 653 690 644 689 681 655 661 658 655 678 656 669 665 649
662 689 674 651 696 652 651 680 655 695 682 652 658 689 677 676 680 684 672 689 695 663 665 690 691 699 665 666 692 660 663 699 700 681 673 651 687 699 658 679 697 696 660 690 686 654 695 661 689 674 652 656 688 696 675 652 693 666 666 700 675 688 700 693 662 674 663 693 659 684 664 700 655 689 692 672 683 668 691 672 664 672 664 699 688 692 672 681 656 681 667 675 662 684 679 672 699 672 680 667
677 687 677 708 704 697 709 697 675 701 661 673 701 674 685 690 697 671 702 685 706 708 674 686 664 662 692 680 681 709 690 669 705 678 661 681 691 702 668 661 707 687 685 682 679 670 669 682 687 683 688 707 689 667 688 676 681 704 674 669 665 682 703 674 706 675 704 676 701 697 665 689 668 661 705 684 696 691 709 674 679 706 684 664 697 686 691 679 677 710 672 686 663 701 677 692 673 683 668 710
687 685 701 685 673 674 717 700 698 716 714 685 684 712 683 694 690 684 706 717 713 687 685 680 672 717 718 716 711 679 697 684 689 693 671 694 694 676 700 717 677 707 684 713 714 697 714 708 708 684 692 713 682 703 672 716 704 708 696 679 712 708 699 718 677 700 694 715 699 689 690 709 694 683 704 698 720 688 694 715 706 694 684 686 702 714 688 675 688 692 702 712 701 687 675 692 682 676 708 696
717 697 681 686 699 683 711 683 726 729 724 730 707 706 704 698 703 706 699 699 686 703 698 717 686 726 683 700 729 727 727 709 713 713 692 692 686 689 681 698 717 703 719 694 707 723 686 695 700 725 697 684 707 709 681 681 701 683 712 705 713 704 707 711 711 714 686 692 730 705 687 692 724 703 730 725 716 730 710 697 693 692 703 721 698 727 721 717 689 708 708 716 691 692 724 682 696 708 687 721
704 712 712 708 698 700 704 731 706 740 736 703 703 725 740 707 702 736 698 740 735 691 698 737 728 729 693 726 700 722 738 696 699 723 738 705 708 721 738 694 718 717 714 702 725 716 693 702 732 713 728 712 739 695 720 722 704 701 716 729 702 723 720 708 700 714 706 727 726 737 718 714 710 713 699 710 720 740 697 725 727 719 705 740 714 729 699 699 708 699 702 731 725 697 723 706 699 703 731 698
749 727 732 724 723 735 717 725 747 738 701 724 712 708 744 740 728 716 735 727 729 719 732 701 704 707 715 708 743 719 707 703 715 703 707 711 745 706 745 722 735 747 701 750 716 702 749 734 726 727 710 725 721 720 726 709 716 724 734 711 716 725 720 737 749 711 714 739 701 714 723 732 739 710 735 748 749 740 724 723 705 738 734 715 720 713 709 726 742 747 719 741 710 719 711 727 702 743 731 711
736 727 760 721 759 726 728 714 746 732 730 731 742 723 733 738 713 720 755 733 722 755 738 731 740 724 747 715 740 726 738 718 730 751 748 726 758 739 731 741 738 753 742 739 734 732 730 720 719 737 758 731 736 732 748 712 740 752 728 737 731 750 715 715 713 716 720 735 739 740 736 748 742 755 731 755 734 738 728 724 751 759 721 739 749 757 745 712 736 759 753 731 733 758 718 740 745 728 737 740
726 722 750 726 756 722 721 721 766 754 735 758 747 768 730 757 756 725 728 739 732 738 731 740 740 763 745 761 764 768 762 766 761 768 760 728 756 730 723 742 747 763 722 770 734 742 732 757 736 770 750 726 763 764 730 762 754 762 762 767 759 749 760 744 734 752 731 756 764 762 754 766 764 745 751 752 750 736 762 727 740 755 760 747 768 725 725 748 743 761 761 739 732 745 725 727 722 770 759 750
772 780 744 749 766 763 739 748 754 769 779 778 737 776 763 737 776 768 769 759 773 763 744 769 761 751 774 743 749 743 755 760 747 736 776 778 753 737 764 761 740 759 777 753 742 754 771 737 765 745 745 776 746 767 776 741 738 755 769 775 757 735 758 777 745 733 736 765 731 772 779 767 756 736 760 759 753 764 744 757 765 774 756 740 759 773 732 770 757 741 764 735 756 780 749 752 732 762 756 771
744 766 787 764 749 781 778 749 780 765 765 750 769 750 789 788 788 755 753 764 785 787 783 789 776 756 746 762 785 763 787 745 777 781 777 767 766 741 784 741 766 746 751 746 741 747 762 786 745 761 761 780 747 760 756 769 776 754 749 781 788 778 753 749 776 759 742 756 743 776 780 787 773 788 741 765 762 756 744 788 756 763 768 788 780 787 750 751 769 768 772 785 743 786 769 787 781 755 779 764
775 771 799 768 765 768 753 757 768 772 752 763 800 785 778 791 751 792 770 799 754 795 788 783 788 798 788 800 787 756 762 797 756 786 764 770 782 779 784 763 760 794 800 778 779 756 770 779 786 776 759 760 793 753 770 775 762 772 775 762 796 780 758 752 759 792 761 776 774 770 796 759 800 776 786 794 773 780 774 773 752 783 772 754 770 787 753 800 759 766 778 764 760 794 769 754 783 795 779 771
808 764 797 778 784 775 805 762 795 784 790 770 804 786 803 778 788 792 769 788 795 804 773 784 803 771 765 779 796 806 803 770 764 775 772 794 778 788 801 807 766 793 795 798 802 783 765 786 769 782 765 780 764 805 769 773 765 779 791 806 810 807 799 785 763 763 788 790 775 765 783 776 779 789 761 776 794 768 783 780 782 763 794 768 786 761 795 789 769 788 805 779 779 799 761 806 772 793 799 766
804 785 790 775 811 785 805 781 778 792 796 802 774 803 795 817 797 817 773 785 802 803 808 783 778 815 801 811 773 794 784 772 802 807 787 772 776 778 799 778 776 799 799 815 816 772 803 789 773 802 814 800 813 774 802 782 789 788 814 810 775 785 802 796 817 795 799 807 820 792 796 796 781 773 803 820 781 771 820 807 813 777 780 788 819 818 788 803 789 771 777 777 810 793 777 795 819 806 798 793
785 801 781 818 799 801 810 805 811 811 804 820 824 781 819 824 824 799 817 785 816 821 829 783 818 817 817 784 790 789 790 790 819 813 793 810 797 787 783 811 802 804 784 814 821 826 808 793 782 790 811 809 790 792 783 784 783 801 822 790 813 797 825 815 784 829 815 820 811 810 821 820 803 813 822 829 786 809 807 784 784 782 824 783 789 809 801 821 807 810 790 782 794 817 800 805 823 794 828 818
801 796 834 813 805 834 802 805 797 830 808 803 817 794 825 807 818 825 813 807 791 828 805 825 837 792 792 806 832 815 810 839 799 802 835 824 835 804 817 808 828 827 812 806 808 801 839 792 835 817 826 803 808 796 816 834 802 840 822 829 813 803 810 836 827 835 815 794 816 829 840 800 793 817 820 810 796 813 792 801 816 825 805 826 800 835 836 822 822 802 794 834 834 820 795 840 839 836 803 820
814 803 802 846 841 837 804 837 844 819 829 840 823 839 826 808 827 841 844 811 848 814 816 818 807 850 820 838 848 824 822 802 824 836 802 830 810 833 806 815 816 828 842 823 846 849 846 846 839 848 839 847 814 826 847 837 802 848 849 846 814 815 834 837 850 818 807 810 814 817 821 810 822 810 805 833 838 840 818 850 830 817 822 802 819 825 847 804 821 842 836 848 841 826 814 848 823 838 837 813
832 859 824 831 816 843 856 815 825 833 811 839 814 847 821 856 816 860 844 821 840 841 834 835 850 859 847 839 818 844 821 858 851 843 817 860 840 842 841 855 841 854 838 820 819 858 844 827 825 814 841 816 856 832 860 848 837 833 845 825 826 840 853 838 836 848 839 843 859 853 851 859 817 831 828 860 842 856 828 851 860 815 825 849 847 822 819 849 817 860 820 834 833 815 848 836 823 842 813 816
828 842 842 861 862 839 858 821 842 853 825 834 851 840 839 844 854 863 841 847 836 861 857 829 836 865 863 858 862 870 835 854 821 843 853 828 870 858 839 862 863 829 830 823 845 835 853 825 862 821 859 862 847 870 821 840 856 858 824 862 840 858 822 849 849 825 864 859 863 842 865 846 831 859 864 824 828 829 870 862 827 842 847 838 833 841 857 840 864 839 848 833 867 834 829 864 848 862 830 827
858 858 839 855 868 837 870 837 852 862 871 855 873 852 848 873 859 872 870 859 837 869 860 842 837 849 880 841 833 846 855 837 874 847 833 854 846 867 837 839 880 839 835 855 866 859 861 836 851 857 868 833 880 841 871 874 834 838 845 843 854 854 840 851 831 855 860 870 870 835 875 874 831 862 854 831 855 849 860 868 856 848 870 835 844 864 856 844 879 837 848 863 843 835 854 871 849 837 855 847
862 886 868 848 861 853 851 889 847 851 871 854 862 847 855 887 849 865 881 888 888 859 887 878 856 855 879 852 880 879 882 888 860 889 860 877 863 885 857 857 879 862 869 880 845 846 862 852 844 849 884 888 846 865 845 865 845 843 843 855 849 856 875 871 887 870 881 849 878 853 883 871 860 890 858 880 842 876 880 841 845 879 867 884 867 860 881 869 878 871 871 863 843 856 879 842 857 860 875 851
889 891 878 892 883 875 864 892 864 887 855 855 869 863 852 857 860 896 853 883 879 868 864 881 890 869 855 861 872 887 855 879 855 887 893 864 895 886 852 878 894 885 884 897 863 881 864 852 900 893 896 888 867 891 874 856 879 876 889 864 870 867 876 866 857 861 879 869 858 885 871 854 879 855 893 890 865 861 865 878 879 870 879 883 888 852 894 881 881 877 890 886 900 893 869 866 889 873 888 883
887 894 886 866 910 889 867 899 874 874 877 906 871 862 865 899 861 869 896 869 883 876 906 890 889 867 885 907 876 894 884 876 900 875 900 880 898 883 905 894 871 888 894 878 874 884 895 889 905 894 896 862 874 907 905 862 893 889 863 882 898 909 875 864 866 868 874 894 880 888 876 900 887 903 868 889 883 877 882 865 890 879 876 873 909 895 899 870 909 868 863 884 872 879 866 887 881 879 868 910
907 899 897 902 886 914 913 882 873 906 892 907 912 894 901 920 899 893 877 879 886 914 906 884 912 880 914 920 883 917 916 910 893 902 909 914 872 901 878 897 891 891 920 873 903 917 919 880 908 879 908 898 902 911 917 887 883 891 874 920 896 872 909 919 873 893 873 876 885 882 907 905 886 897 906 909 883 905 873 878 874 875 879 913 893 892 891 875 886 899 876 895 877 896 878 890 888 887 911 872
926 890 910 891 913 920 881 902 912 892 913 923 909 926 900 920 922 894 894 909 926 907 919 904 921 923 899 909 905 929 916 925 921 891 892 924 890 896 926 897 919 890 916 924 908 902 917 921 883 928 899 907 882 917 914 918 913 892 901 890 885 927 911 903 886 910 883 898 909 886 907 903 930 905 924 890 881 906 914 881 919 910 930 891 912 899 921 904 908 896 897 900 927 930 918 882 906 913 882 923
891 928 900 928 933 902 929 918 930 899 923 918 904 939 930 931 938 909 917 910 895 913 928 937 908 910 929 897 939 917 900 939 895 926 919 912 901 925 897 927 904 927 928 936 918 921 908 900 898 902 937 911 925 913 928 902 929 904 907 897 919 893 936 935 893 927 900 916 936 904 907 929 932 931 899 940 919 903 919 933 909 901 938 940 908 902 917 933 911 920 903 917 901 892 924 921 892 921 940 916
923 926 941 901 925 942 919 914 912 938 936 917 908 936 935 926 944 949 946 926 946 911 944 906 949 944 911 912 934 939 944 937 911 927 905 905 903 909 926 927 950 940 902 904 911 912 921 926 932 942 917 904 921 902 905 945 920 945 930 923 945 906 906 933 940 935 933 940 923 901 903 938 926 929 923 911 941 933 930 927 941 911 920 907 919 921 932 939 949 921 921 944 925 948 919 902 950 930 916 939
950 912 915 931 951 911 916 924 949 947 911 939 947 919 956 938 947 945 915 960 914 952 957 931 960 941 944 922 935 921 950 914 950 931 925 916 951 959 939 948 939 943 920 937 935 929 917 951 943 943 913 913 915 947 935 939 955 913 955 947 924 934 937 917 930 947 924 957 932 937 950 922 936 927 931 944 956 958 950 939 924 939 956 950 920 949 926 934 957 945 927 925 930 951 952 921 916 912 943 939
922 943 947 922 946 924 954 964 948 938 957 959 937 946 938 955 934 940 970 963 959 939 955 963 959 935 950 951 970 955 959 961 958 932 955 928 921 943 949 956 951 950 927 955 959 921 938 937 932 958 962 923 965 941 942 964 929 936 937 931 943 964 932 946 940 968 959 958 925 936 936 936 946 960 923 937 961 944 923 925 967 933 936 951 937 970 936 925 948 962 952 940 931 953 958 952 949 943 933 967
966 955 951 968 931 934 967 975 973 938 969 980 949 955 977 933 967 945 960 942 950 954 963 937 939 970 976 944 959 956 948 959 980 963 976 963 959 976 956 942 942 931 942 945 956 949 963 954 963 955 975 963 944 979 974 957 973 954 947 971 948 978 941 945 944 935 977 976 935 942 957 934 942 946 976 957 951 948 964 947 943 972 949 975 934 947 968 962 931 931 970 942 940 952 963 943 935 974 967 966
987 970 961 987 955 974 974 963 941 947 941 945 985 958 973 950 980 967 983 959 957 983 989 980 978 972 960 964 989 956 985 951 972 989 979 965 964 975 978 988 989 945 960 969 954 962 985 964 959 956 953 989 982 972 964 988 977 988 959 966 976 971 963 949 944 989 968 989 979 942 980 979 941 946 988 969 943 972 986 956 967 979 983 958 988 960 964 946 972 958 978 977 986 950 945 945 949 984 974 941
953 954 975 960 961 965 952 983 963 980 974 996 956 999 976 951 996 992 955 964 983 979 963 955 953 955 1000 997 977 999 953 968 979 955 973 961 985 963 993 967 967 959 990 989 965 961 999 964 954 986 985 965 984 983 956 970 969 980 992 969 996 965 990 951 987 960 952 996 986 996 974 953 974 955 980 956 999 980 973 979 976 985 980 992 987 976 953 961 999 973 980 992 969 999 988 964 957 995 969 969
1002 1007 978 971 974 974 982 1010 998 987 972 981 978 994 999 999 1000 1000 1000 983 984 996 973 991 986 997 991 986 981 998 1010 977 962 969 984 962 975 976 988 1006 970 981 994 964 982 998 1008 986 981 978 966 961 994 1005 985 1010 1010 965 1002 961 964 962 967 970 996 987 982 1010 972 982 996 979 969 996 984 1000 972 972 978 971 1003 974 998 975 992 985 1001 977 992 971 982 982 983 989 1008 976 994 980 961 968
978 1012 1019 987 1011 988 978 1010 997 998 1010 989 1017 1011 977 989 983 985 975 1017 991 989 981 1020 1009 990 1014 980 1020 1018 972 984 1001 1013 1003 973 997 973 987 1008 973 973 1000 1015 1020 1012 1006 1012 981 1015 998 1001 1016 986 971 980 1003 982 995 1017 1006 1004 1002 1005 973 1020 985 985 978 1010 983 975 983 1007 997 984 987 1019 979 996 975 980 1007 986 990 972 982 991 988 989 990 1002 989 987 991 992 1018 982 987 983
1029 988 1013 1025 983 1013 1001 991 1000 1018 989 984 984 1008 988 1015 1004 1028 1010 993 989 993 1029 1025 992 986 1018 989 982 1001 1026 998 1001 1029 987 1015 1003 993 1015 995 1026 1007 991 1019 1023 996 998 1023 992 1003 998 985 1000 1009 1023 1028 1023 1006 1002 988 990 1017 996 987 1027 1015 1012 982 1005 991 1014 991 1023 1005 1000 1012 1016 1002 1010 1003 1018 986 1027 1008 1021 991 999 1017 1030 996 993 1018 1002 991 1000 1029 1020 1019 994 1007
1008 1006 1028 993 1000 1038 1040 1019 1023 1024 1010 1007 1018 1006 1018 1032 1005 1034 1007 1011 1028 1026 1004 997 992 1025 1021 1030 1022 1018 1018 1037 1010 998 1030 1013 1014 1001 992 994 1034 991 992 1027 996 1035 1035 1026 1040 1002 1023 992 1038 1027 991 1026 1016 1002 1001 1004 1004 1008 1025 996 1011 1017 999 992 1010 1008 1026 1034 1006 1029 1028 1017 1017 1039 1027 995 1000 1039 1002 997 993 1005 1002 1019 1013 1004 992 1030 1031 1027 1036 996 1031 1020 1029 1005

