100 100
1 5 10 1 1 1 9 1 4 3 4 1 3 6 2 8 1 7 4 6 6 6 1 4 2 9 7 6 2 4 5 7 6 1 4 7 7 7 3 8 2 3 5 5 4 9 4 4 2 6 9 4 9 9 9 8 10 5 3 8 8 3 5 1 5 10 2 4 10 6 4 1 10 1 3 7 4 5 8 9 2 5 2 9 1 1 5 5 9 7 7 3 10 7 1 4 7 10 7 3
14 13 13 18 16 20 20 12 17 19 20 13 17 15 17 11 17 16 13 15 20 18 18 12 16 15 16 11 16 12 13 20 12 13 16 17 19 14 14 18 18 13 11 19 16 15 11 15 16 11 16 18 19 17 11 19 14 19 11 11 18 17 16 14 12 19 20 18 11 19 20 19 18 18 17 20 14 13 14 12 14 16 18 17 13 16 20 20 13 11 11 20 20 16 14 14 12 14 11 19
21 24 28 21 28 26 28 23 24 27 23 29 28 22 28 28 24 21 26 28 22 26 21 28 26 28 24 30 24 23 21 24 25 30 25 27 25 26 22 26 24 23 29 22 22 23 26 21 23 24 28 22 30 30 30 21 23 28 23 22 29 29 29 23 21 27 21 23 25 28 26 21 29 23 27 28 23 30 23 29 22 24 30 24 30 21 27 26 30 30 22 26 24 23 24 24 28 27 24 25
31 36 40 33 31 34 33 37 40 37 40 39 32 40 35 40 40 38 39 34 31 32 35 35 39 33 32 39 37 35 38 35 31 33 31 35 36 31 39 33 39 34 37 33 32 33 31 36 34 31 34 31 31 38 39 38 31 31 35 39 40 34 35 35 40 33 38 40 37 34 38 31 37 32 32 33 32 34 33 37 34 31 36 35 34 32 33 38 37 40 33 36 33 37 34 39 33 35 39 33
45 48 42 46 45 50 42 43 48 45 44 42 47 49 43 49 50 49 49 43 43 50 47 49 47 45 43 46 43 42 48 48 45 48 44 46 41 50 46 49 49 50 49 48 50 46 45 46 46 43 43 44 50 45 41 41 43 41 48 48 47 49 43 48 48 43 49 45 43 49 49 50 42 48 46 47 47 43 43 44 49 43 45 41 41 42 44 49 44 49 48 43 42 43 49 43 48 46 49 49
57 55 56 55 57 60 58 54 60 51 59 52 59 53 55 60 56 57 57 57 51 51 51 60 54 54 57 56 56 52 53 54 56 58 57 51 58 54 59 59 54 58 56 58 60 57 58 59 60 54 55 56 56 53 53 59 55 55 55 60 59 55 59 60 53 58 60 56 54 56 58 52 55 53 58 54 57 59 58 52 59 55 55 51 60 54 57 56 56 51 58 52 56 52 51 57 57 60 56 58
64 62 61 68 66 65 67 66 62 68 61 63 64 63 68 69 65 70 67 63 68 69 64 70 65 66 63 64 64 68 70 64 62 67 67 62 62 61 65 61 63 64 62 65 63 66 65 67 70 63 67 62 67 61 61 65 69 62 65 67 62 69 64 68 64 70 63 63 67 68 64 70 65 63 64 61 63 62 69 68 69 65 63 67 67 67 67 70 64 62 64 63 65 66 69 64 61 64 68 65
74 79 77 74 74 72 71 79 80 76 72 80 79 76 80 80 75 74 78 73 80 71 76 71 78 71 77 74 80 75 76 80 76 72 72 79 76 76 73 71 71 74 78 73 76 76 79 75 71 75 79 78 79 80 72 74 78 76 71 78 74 71 74 77 77 74 71 78 78 78 76 80 79 74 79 78 72 78 77 76 78 77 73 78 78 72 74 79 79 73 76 72 72 71 79 79 71 73 72 76
88 89 84 88 82 83 81 83 83 81 81 84 88 81 81 83 84 88 87 85 85 86 87 87 90 84 81 84 88 81 90 84 82 82 83 82 83 82 82 87 81 85 89 85 84 90 81 87 85 84 89 83 86 83 85 82 85 86 86 84 89 89 82 86 81 82 83 83 81 87 88 84 84 88 89 85 85 83 87 89 85 81 87 89 89 85 90 86 90 82 86 90 90 84 88 86 84 87 90 81
92 100 94 99 97 94 98 96 93 94 98 92 99 95 97 99 99 95 95 100 96 96 91 97 95 91 100 95 94 95 98 93 93 94 97 99 91 91 98 93 97 97 93 96 91 93 93 92 96 92 92 96 93 100 100 100 94 93 97 95 100 97 99 96 100 96 100 100 91 95 94 93 98 91 98 96 91 98 98 92 96 95 92 95 97 93 92 98 98 98 98 95 100 92 100 92 94 99 91 93
105 107 108 102 104 106 106 109 106 105 102 108 102 109 106 103 105 108 109 110 106 108 104 105 105 105 106 105 103 109 107 108 108 107 107 106 108 108 110 108 107 103 108 101 107 104 103 104 108 107 104 108 107 102 109 110 105 107 106 107 105 101 103 110 110 105 105 104 106 104 104 106 108 109 108 102 102 109 102 110 105 102 104 106 105 102 109 109 108 101 106 105 107 109 107 105 103 102 102 102
111 115 114 117 120 114 112 115 116 116 118 113 113 120 113 115 120 111 117 111 118 116 115 116 117 111 114 119 119 113 113 117 119 112 113 116 118 112 118 113 112 120 117 119 114 116 119 117 115 115 117 117 117 116 120 118 117 120 119 112 111 117 118 117 117 117 119 120 119 112 112 117 114 115 119 120 119 111 112 111 111 119 112 118 116 118 118 113 112 118 112 120 111 114 113 120 119 111 117 118
124 122 123 128 129 130 129 129 125 128 122 129 124 125 128 123 128 122 128 124 122 125 126 127 122 126 126 123 127 130 129 128 126 125 125 123 123 124 129 126 130 124 127 127 128 128 128 129 126 122 129 122 128 127 123 121 130 128 121 121 124 130 125 121 124 124 123 128 121 127 122 130 121 121 121 128 121 128 130 121 123 128 127 129 121 122 128 127 128 130 124 121 121 127 125 122 121 129 125 129
140 135 136 139 139 137 135 132 134 139 131 133 131 137 137 138 132 131 132 132 135 138 138 138 138 138 134 137 136 131 137 133 136 132 137 138 140 134 133 138 139 135 138 134 132 131 139 133 140 139 139 131 133 139 136 131 132 139 134 134 137 139 135 131 138 138 136 134 131 131 137 138 131 136 132 137 136 138 131 135 135 132 131 136 133 133 131 136 139 140 133 140 134 139 133 137 138 133 131 134
142 149 150 143 146 150 146 143 148 148 141 146 149 145 144 149 147 141 148 143 150 141 141 148 147 143 142 147 150 148 143 147 150 149 150 143 142 142 141 144 144 145 146 143 147 150 149 142 150 147 144 141 149 144 148 148 147 150 143 146 149 142 142 147 141 143 150 143 148 142 147 145 147 147 149 149 145 143 147 147 143 148 146 150 150 147 145 147 143 142 146 149 143 149 147 147 144 147 141 144
156 158 154 160 154 156 158 152 156 155 151 151 157 156 157 155 153 157 154 159 155 151 154 157 160 152 151 152 151 152 154 152 156 151 160 153 159 151 156 158 158 159 159 160 155 153 157 156 152 152 157 154 159 157 160 153 159 160 153 151 154 155 160 159 159 152 154 156 151 153 159 159 160 157 156 155 156 158 156 151 160 153 152 153 151 151 160 151 152 159 155 158 159 153 154 151 155 156 156 158
164 167 170 164 163 162 167 161 165 169 169 168 166 164 164 167 169 168 167 168 169 168 165 167 167 168 166 163 164 167 170 164 161 170 166 170 170 164 164 165 165 166 165 164 170 165 165 162 162 167 169 165 169 161 165 169 169 164 169 161 164 166 170 164 166 170 164 165 170 170 164 166 163 164 170 163 163 167 168 170 166 165 168 163 162 166 163 170 167 170 161 166 168 162 169 168 170 167 170 167
176 172 177 171 172 177 171 179 172 176 179 174 179 174 172 178 172 171 177 171 180 180 179 171 180 173 174 174 177 177 180 178 178 177 178 171 178 171 172 173 174 174 174 174 179 179 179 173 174 173 178 178 180 172 178 171 177 174 175 172 176 173 180 173 174 180 171 178 176 176 177 178 171 179 173 177 180 172 171 172 171 177 172 177 176 180 179 176 179 179 176 171 180 180 180 176 178 171 172 180
190 190 183 184 187 190 184 190 181 183 184 183 182 189 184 190 184 188 181 184 189 184 186 186 185 185 181 187 181 186 187 190 184 186 182 189 184 184 189 184 183 181 187 188 186 185 182 189 185 184 186 183 188 183 186 186 189 185 186 183 181 182 184 190 181 187 184 185 188 181 184 184 188 184 190 190 183 190 189 188 182 183 189 186 188 182 181 186 181 188 185 186 186 189 190 181 189 189 188 185
193 194 192 196 196 195 192 196 192 191 200 197 195 199 192 194 200 194 200 192 195 197 191 191 200 200 195 193 192 200 194 192 198 192 196 198 197 193 193 193 194 200 193 192 196 193 196 195 195 193 194 194 198 195 197 199 194 194 194 194 200 196 191 192 193 195 196 191 197 199 199 196 196 192 196 200 192 198 192 198 200 198 194 196 192 193 198 197 193 200 199 199 193 200 197 196 200 199 191 198
206 207 210 210 202 210 209 207 208 205 206 208 205 205 204 203 209 205 205 207 204 204 210 209 209 202 210 201 208 205 203 203 206 206 207 201 205 208 202 201 210 208 203 206 206 202 210 203 203 202 210 210 206 204 210 209 210 209 202 201 204 208 202 201 208 206 203 208 210 210 203 202 208 201 210 205 201 207 208 209 210 204 210 206 205 201 206 203 204 202 202 202 208 207 208 209 203 204 210 204
215 219 218 218 218 212 216 211 219 212 213 212 212 216 217 219 216 220 217 214 211 219 215 219 214 211 213 212 214 219 219 214 211 212 220 212 216 220 219 220 217 213 220 216 216 214 214 217 216 218 211 217 217 211 213 218 216 215 214 212 213 218 211 214 211 219 211 219 214 215 220 218 211 215 218 213 217 218 220 211 216 218 220 212 212 216 217 212 211 217 211 220 217 215 220 214 217 215 215 213
228 224 229 224 228 224 225 223 226 225 226 224 225 228 221 228 227 230 221 225 224 221 224 226 225 229 227 225 229 225 228 226 229 228 227 226 221 227 223 223 228 228 230 228 229 228 222 228 225 226 221 230 228 224 230 230 230 221 221 228 226 225 221 228 223 222 225 225 229 221 226 230 223 227 228 226 222 229 226 222 221 226 229 229 229 228 228 222 225 223 224 229 229 230 222 229 228 222 226 230
240 232 232 231 231 236 235 235 231 236 238 238 232 234 233 235 236 232 233 239 233 233 233 238 233 231 239 237 236 237 234 240 233 238 237 236 233 235 237 240 236 231 239 239 239 231 234 234 238 240 231 231 237 231 231 239 233 232 240 237 235 238 237 237 237 232 235 235 238 232 237 240 234 231 232 237 232 231 232 238 240 233 235 232 240 231 240 238 232 239 237 233 236 235 240 236 240 235 231 237
247 248 244 246 247 244 244 245 244 243 244 243 241 250 248 244 246 248 242 247 247 248 242 249 246 248 242 248 241 248 250 249 242 241 250 244 249 248 242 248 244 242 248 243 244 243 250 246 250 241 247 250 242 250 246 242 241 249 243 248 245 248 246 249 245 249 247 249 243 247 247 243 248 241 250 242 245 245 242 248 241 242 249 246 248 250 250 248 249 249 242 248 241 242 243 249 250 241 249 250
259 257 260 251 255 260 251 255 252 258 252 259 260 258 259 258 254 258 259 251 256 256 259 252 255 255 256 252 252 258 259 257 251 254 256 256 253 260 260 259 260 257 254 260 251 252 256 254 254 253 255 260 256 258 253 259 251 257 255 255 251 255 251 260 253 253 251 252 252 252 253 258 254 251 260 256 260 259 251 251 255 259 256 259 258 252 253 255 260 254 258 251 256 256 256 255 255 253 256 251
265 270 269 268 263 269 262 266 270 267 269 263 264 262 265 262 264 267 262 262 261 269 262 266 265 261 266 269 268 266 262 265 266 266 261 263 265 269 265 269 264 267 265 268 266 270 264 261 261 270 268 267 263 269 266 270 265 264 267 267 269 264 264 265 267 263 269 263 263 262 268 261 270 266 266 267 261 262 261 268 262 268 261 262 264 269 268 270 264 264 261 265 264 269 264 269 264 266 269 267
273 273 273 272 273 272 278 280 275 271 276 280 277 275 279 272 280 273 276 280 279 274 280 277 279 277 279 279 278 276 271 275 276 277 273 275 279 272 273 280 272 273 274 274 280 274 271 274 271 278 271 273 278 274 274 273 272 272 277 272 277 279 274 277 280 274 278 280 271 275 273 277 277 279 280 277 271 275 275 277 276 278 272 277 275 279 274 277 272 279 280 275 272 276 271 277 280 280 273 272
290 283 282 286 290 290 289 286 284 284 289 281 283 285 283 282 287 289 284 286 288 289 285 289 288 284 288 283 286 290 286 287 284 285 285 290 287 281 290 290 284 284 285 288 286 284 285 285 287 288 282 289 288 288 289 289 282 290 285 285 282 284 285 285 284 281 284 286 287 285 289 287 284 289 284 287 284 289 285 281 290 289 287 286 284 290 289 286 283 290 287 281 281 282 289 282 290 282 282 286
292 297 295 296 299 295 291 297 297 294 300 299 300 296 291 293 292 291 294 292 294 294 297 294 294 295 299 293 296 300 293 299 292 292 296 294 299 298 297 293 300 294 295 295 296 296 292 293 294 297 292 296 294 297 300 291 294 296 291 293 296 297 295 297 293 296 300 295 299 297 300 300 297 295 298 295 298 297 292 300 293 292 291 295 292 294 293 291 300 300 292 298 293 295 294 291 293 297 291 299
309 306 304 309 302 304 309 309 307 304 308 310 301 306 301 306 310 305 304 305 309 303 306 309 304 307 309 307 309 307 308 308 302 308 306 304 302 301 304 307 306 303 309 308 304 301 308 302 310 306 309 307 304 309 310 310 304 304 307 306 304 305 309 303 310 305 303 308 304 307 304 305 302 302 301 302 303 302 310 303 306 306 307 306 301 302 307 307 310 307 302 303 306 301 306 305 302 303 304 301
316 316 315 311 320 318 311 316 315 314 320 318 315 320 311 320 311 320 312 316 311 320 317 313 320 313 316 311 318 313 317 318 315 314 317 320 313 320 320 317 317 317 318 314 314 319 314 312 317 319 319 315 319 318 315 317 320 319 320 314 315 312 316 313 312 315 313 316 318 315 320 311 311 313 313 313 319 313 314 317 318 315 315 314 316 320 314 315 316 316 320 312 319 313 319 317 318 315 317 316
325 326 324 324 326 330 328 325 330 325 325 329 325 321 322 325 326 322 324 328 329 324 329 329 326 321 322 327 328 329 329 324 329 330 328 321 328 328 328 328 321 325 321 323 322 326 329 322 328 321 330 326 330 327 324 325 321 326 325 325 328 330 328 324 324 327 322 330 326 322 328 326 328 328 329 329 324 322 325 327 327 324 327 326 326 330 322 327 324 324 321 321 329 321 323 327 329 328 329 322
337 331 339 332 339 336 336 331 335 334 333 333 340 334 334 332 335 331 337 332 334 333 335 338 331 339 334 338 334 338 333 338 332 340 338 332 340 334 331 336 335 338 334 337 333 332 336 340 331 339 339 334 339 334 339 339 340 331 334 335 335 332 338 339 332 338 337 334 337 334 340 333 331 336 333 333 332 334 338 340 334 340 338 332 332 334 334 331 332 335 338 331 338 331 338 340 334 332 340 333
350 350 347 347 348 345 343 349 342 347 344 344 345 341 344 346 347 341 349 348 341 342 341 342 341 348 347 342 350 350 343 342 347 348 347 343 341 347 346 343 346 350 345 346 347 341 345 347 347 346 346 343 342 341 346 344 347 345 349 343 344 341 349 347 342 342 349 346 344 347 350 346 345 346 347 346 347 350 341 350 350 347 348 350 342 346 347 341 347 342 348 343 348 344 348 343 341 344 350 348
358 352 360 359 352 355 357 358 355 354 359 353 352 356 355 359 353 358 356 351 351 359 351 351 354 360 352 355 360 353 358 356 360 355 360 355 352 355 353 353 359 352 356 351 353 355 351 353 357 353 354 355 360 360 351 351 352 351 353 352 351 351 360 354 351 359 356 352 359 352 358 354 351 353 356 357 351 359 356 360 357 351 352 358 359 358 351 359 358 354 356 356 360 359 358 355 353 354 351 355
366 362 365 368 369 361 364 363 368 362 364 363 361 364 363 369 363 369 364 366 370 363 369 367 362 369 370 366 369 366 370 369 368 367 369 364 364 363 370 366 363 365 367 370 368 367 368 363 361 363 362 362 369 362 362 370 368 366 368 370 365 366 368 361 367 366 365 363 364 366 367 366 369 370 364 364 368 368 362 369 365 363 365 363 362 369 366 361 365 363 364 365 368 361 370 361 365 361 368 363
372 375 378 378 371 376 380 376 373 374 377 378 371 380 375 371 374 375 378 371 376 374 379 374 379 380 375 372 371 377 373 378 377 375 375 380 378 374 377 372 380 373 378 379 375 373 380 379 372 375 374 374 372 375 374 372 378 378 373 371 376 379 371 377 371 374 375 378 378 374 380 373 377 380 373 377 377 375 377 373 377 380 377 380 377 376 375 378 380 374 373 374 377 375 377 373 372 372 372 377
383 390 387 384 386 390 383 383 388 386 382 389 384 386 389 390 382 384 390 390 388 383 390 386 388 382 385 389 381 389 382 383 383 381 384 387 389 389 389 383 385 384 385 387 386 381 390 387 388 386 384 388 389 389 381 387 385 387 382 384 381 381 382 383 386 384 388 383 390 387 381 387 386 388 385 385 388 390 383 382 384 384 387 381 387 389 386 382 382 385 386 382 387 386 382 387 383 386 382 388
391 392 392 399 396 394 398 395 394 399 396 400 394 391 396 400 394 395 392 391 394 398 398 395 393 394 393 397 397 392 396 396 395 391 397 393 397 398 394 391 399 399 397 393 400 395 400 400 392 400 398 394 391 395 393 392 391 399 392 391 397 393 397 395 391 399 394 392 399 393 392 395 391 393 397 394 399 392 395 397 397 394 399 397 391 396 393 392 400 394 396 396 395 395 398 396 395 396 400 393
403 409 403 408 410 405 409 407 407 405 402 409 409 402 405 401 409 401 406 401 406 403 405 408 407 406 409 405 403 409 401 409 409 403 409 401 402 404 407 409 408 402 401 408 410 409 404 410 404 403 407 404 401 404 406 409 402 408 405 410 409 402 408 407 404 402 407 408 408 404 406 410 405 408 408 407 403 407 407 401 402 401 402 401 402 408 403 401 410 410 410 404 401 404 402 409 406 404 409 408
417 417 415 415 418 420 412 412 415 420 418 411 414 414 412 419 412 415 418 420 419 418 420 420 412 414 411 417 420 419 415 411 416 415 412 413 418 419 412 419 419 418 418 418 417 413 411 416 416 412 412 418 417 418 411 419 413 420 419 418 416 418 413 420 412 411 412 417 420 416 411 413 419 417 414 413 412 418 413 415 413 420 412 420 414 411 415 414 415 411 413 420 411 415 411 415 417 417 412 416
422 421 422 425 426 425 428 430 425 426 427 422 430 430 430 424 422 424 428 430 428 424 430 422 422 421 425 427 429 423 426 428 427 423 421 423 427 422 429 430 430 428 424 430 424 423 425 428 424 422 427 422 422 421 427 425 421 428 424 426 421 428 430 423 426 423 422 423 423 430 430 428 426 429 421 421 425 428 428 427 424 430 425 422 422 424 430 424 422 425 429 427 423 423 425 428 421 424 422 425
432 433 434 435 438 440 438 436 433 435 435 437 431 433 437 439 437 431 440 437 440 432 435 434 431 438 437 438 432 438 436 433 440 432 440 437 435 437 440 439 436 437 436 432 433 435 435 440 432 433 433 437 433 433 435 431 435 436 433 436 435 433 437 435 436 431 431 431 435 437 433 433 438 436 431 437 433 439 435 436 438 434 439 438 438 439 434 432 438 431 434 440 439 438 431 437 432 440 435 438
446 442 448 445 447 444 446 441 446 444 449 447 447 443 449 444 449 444 442 447 442 447 449 447 443 442 443 441 441 445 446 444 446 444 441 447 449 444 442 443 442 450 449 447 445 444 444 447 446 442 445 441 442 447 446 444 443 443 450 441 444 443 444 443 448 444 442 450 443 441 442 444 442 442 450 445 450 442 442 449 450 445 450 449 442 448 446 444 446 443 442 447 447 444 442 445 450 443 443 445
456 452 459 458 457 456 451 456 455 458 458 451 458 459 452 459 457 454 457 453 457 458 459 459 458 453 459 453 453 455 453 456 454 457 452 456 459 457 457 453 456 460 453 458 458 451 456 459 459 452 455 456 452 456 452 460 459 453 452 458 457 451 458 452 453 457 460 458 451 459 454 451 454 456 455 459 452 452 451 454 453 455 451 458 454 454 453 456 459 456 453 456 453 453 456 452 458 456 459 455
463 462 470 461 463 470 470 461 461 464 466 469 462 461 461 468 461 469 467 465 468 467 466 461 469 470 468 468 468 465 464 463 464 470 470 466 464 461 466 468 463 468 470 466 468 465 461 462 464 462 462 465 470 462 463 466 462 465 467 465 465 465 466 468 470 461 461 465 463 466 465 468 470 461 465 467 467 462 462 465 465 466 462 464 469 469 461 470 465 470 466 470 469 463 464 462 461 462 463 468
478 479 477 480 480 477 479 479 479 476 480 478 478 472 480 474 474 478 479 473 477 475 472 471 478 474 480 478 480 477 479 472 479 480 480 474 478 479 480 480 473 474 479 477 476 471 474 471 476 475 480 477 480 471 472 472 480 479 480 479 478 474 471 480 471 478 478 475 474 476 477 478 473 475 478 472 472 477 477 480 473 478 472 477 480 471 476 478 475 473 476 477 473 477 471 475 474 479 480 475
484 485 483 485 490 483 487 485 486 486 488 484 490 482 484 485 489 490 484 484 490 484 481 486 487 490 481 488 490 483 490 490 482 485 482 481 484 487 486 484 482 490 485 486 488 483 488 487 490 484 488 483 484 488 481 484 490 485 488 487 483 488 482 486 488 489 490 487 483 487 482 481 486 483 485 487 484 481 485 488 483 481 486 485 483 490 487 485 487 486 486 488 486 490 485 481 485 485 481 485
499 493 493 498 494 500 493 492 499 496 493 494 496 491 491 496 491 499 494 491 493 499 494 498 497 493 500 494 500 497 500 499 498 493 492 495 499 499 492 496 498 492 500 494 494 494 495 500 496 493 493 494 492 499 499 499 499 497 495 493 497 499 495 494 497 493 492 500 496 492 500 500 492 497 496 493 495 497 495 495 498 499 494 499 496 493 493 494 495 497 497 491 497 492 491 496 496 499 492 495
503 501 506 504 509 504 505 504 502 506 510 509 506 506 502 501 509 503 501 510 506 505 509 509 502 508 505 505 501 502 510 502 503 501 508 502 504 509 507 509 501 505 507 504 509 501 507 505 510 506 506 510 510 505 508 510 502 509 510 501 508 506 504 508 505 510 501 502 505 501 504 501 505 502 506 507 505 502 501 501 507 510 503 509 503 507 506 510 501 510 502 502 503 507 509 504 506 507 509 509
512 517 518 514 511 515 518 515 515 518 514 519 515 516 515 517 515 512 514 514 512 511 518 517 518 513 512 519 514 520 512 518 511 511 512 516 518 517 518 515 515 520 512 514 511 517 513 519 515 513 517 518 511 520 518 511 513 516 511 518 516 518 512 518 513 519 514 520 519 517 518 518 515 513 520 515 513 518 511 517 517 520 514 512 516 519 519 518 514 520 519 518 511 512 516 517 511 520 514 518
527 530 529 522 526 522 521 523 529 527 524 527 530 523 522 521 529 526 524 525 528 526 526 530 528 522 526 523 524 524 522 522 529 523 530 524 523 529 529 521 524 522 523 529 525 521 530 530 524 524 530 521 525 529 530 523 527 525 526 526 522 525 523 526 524 524 530 528 523 526 521 530 524 526 523 527 526 523 527 523 524 521 530 527 524 524 530 526 527 526 530 529 525 522 526 521 527 522 527 527
536 531 536 531 537 538 533 539 536 537 539 533 533 535 536 533 538 540 536 537 539 537 536 540 536 539 539 538 532 533 533 533 532 533 532 533 535 531 536 537 537 531 537 533 538 535 534 534 539 537 533 532 534 540 539 537 538 534 534 536 538 538 532 531 539 540 538 540 540 539 540 533 534 538 534 540 534 531 533 535 533 532 539 531 539 539 536 540 539 533 536 539 534 531 534 537 537 538 532 538
548 543 542 544 547 550 548 548 548 546 542 550 547 544 541 541 549 550 541 549 548 550 545 546 544 547 542 541 546 545 548 546 549 543 548 541 545 549 546 543 542 548 546 548 548 547 547 547 542 543 550 541 549 544 550 545 544 547 542 543 542 548 548 541 541 545 548 547 542 541 541 542 547 548 549 542 545 549 550 546 545 547 550 545 543 546 543 542 547 549 550 550 548 542 546 546 548 544 547 544
553 554 555 558 555 560 558 558 556 560 552 558 553 556 553 552 559 556 554 555 560 559 558 556 558 552 551 555 553 560 560 551 551 554 560 557 560 552 559 560 556 558 556 554 560 556 552 557 555 560 554 551 558 552 558 555 551 557 559 556 553 556 552 560 559 560 559 555 555 551 551 551 554 551 558 560 555 554 555 556 560 557 553 554 558 552 560 551 558 560 558 558 554 553 554 553 552 558 552 555
563 566 561 561 568 566 561 568 570 562 569 565 563 562 561 561 566 567 563 567 563 567 563 563 568 561 567 563 561 563 566 569 567 561 561 564 565 565 570 561 566 564 569 570 562 564 563 569 569 569 562 570 562 570 565 562 568 567 562 562 563 567 562 561 565 563 570 566 566 568 569 562 562 567 562 570 564 564 564 567 569 570 566 567 569 568 563 564 569 566 566 565 562 564 569 569 568 561 569 570
573 573 577 577 574 579 577 578 571 578 579 580 573 571 577 576 576 573 572 572 572 577 572 580 580 573 578 572 578 577 575 580 571 577 575 572 573 576 577 573 572 571 576 573 573 579 578 572 576 572 576 577 572 574 572 572 580 576 573 577 571 580 572 573 579 576 577 572 576 580 579 580 573 580 580 577 574 572 579 574 577 571 574 572 579 577 580 572 579 572 572 577 573 572 579 572 578 578 577 572
585 581 581 586 590 587 584 584 586 585 589 586 588 581 586 585 582 583 581 582 589 584 585 589 586 586 587 582 586 584 585 586 585 582 586 585 590 583 589 584 586 586 584 587 588 583 584 588 587 587 589 588 588 583 589 585 583 581 590 584 588 582 587 585 588 581 588 589 585 584 587 587 586 590 584 589 588 588 587 584 583 590 581 590 587 585 583 590 586 589 586 590 583 590 582 582 584 587 585 581
591 592 593 592 597 593 598 600 597 592 599 600 598 597 596 595 600 600 593 600 599 592 599 599 598 600 596 595 595 598 597 595 597 597 591 592 598 592 599 600 598 600 592 594 600 594 593 598 599 595 599 594 595 591 596 594 594 592 592 600 600 593 596 596 593 598 594 599 592 600 600 597 591 595 598 596 596 596 599 592 597 594 600 594 593 591 597 596 597 595 599 592 594 594 592 594 592 596 593 593
604 602 605 609 604 607 607 605 607 607 606 610 610 603 603 603 608 603 609 602 604 603 605 609 608 605 603 608 602 603 610 609 607 608 610 603 603 603 602 607 606 609 606 606 610 602 603 610 603 603 608 609 608 602 609 606 606 607 602 609 605 607 609 604 605 607 608 601 607 606 608 604 603 610 605 607 609 601 607 608 605 607 610 601 608 602 604 610 607 608 602 609 603 602 605 605 607 606 610 603
616 612 619 614 615 615 619 611 611 620 620 620 613 613 619 613 619 613 616 613 612 620 613 612 618 616 611 617 619 611 611 615 613 612 614 611 611 620 614 613 615 613 616 617 619 617 619 616 620 617 613 619 620 617 620 615 611 618 619 615 613 611 618 620 616 613 615 612 611 617 619 617 616 620 620 611 617 615 614 611 619 620 618 619 615 615 611 611 611 613 620 620 614 619 617 613 618 611 611 619
629 625 629 629 622 621 629 625 622 623 623 623 630 624 621 627 621 622 624 626 626 630 623 629 628 622 621 625 625 629 624 629 621 626 621 621 622 628 630 621 621 628 625 630 625 624 624 623 627 626 629 625 625 628 630 630 625 624 623 627 625 627 627 629 629 625 626 623 624 630 629 621 629 624 629 630 625 625 625 628 626 624 630 630 630 621 621 628 626 621 630 624 626 623 625 629 627 623 629 625
631 635 631 636 637 638 635 638 631 638 637 638 636 631 636 632 633 638 636 639 633 634 636 638 638 639 637 632 636 636 638 631 632 638 638 637 639 638 640 631 632 635 636 637 636 636 640 633 632 632 635 636 634 633 631 632 633 634 635 640 635 635 637 633 637 632 631 636 633 637 637 636 636 635 637 637 635 634 633 640 634 637 635 638 636 639 634 640 633 636 634 635 631 640 634 635 638 639 631 636
642 646 644 649 650 642 649 648 650 650 649 647 641 642 643 649 647 644 641 647 649 648 646 643 645 642 643 646 648 649 644 649 642 644 644 641 642 648 644 648 646 650 643 644 648 641 649 644 641 646 641 641 650 642 646 644 645 650 645 641 644 644 649 650 643 646 643 643 642 643 649 645 648 643 645 650 644 643 649 647 647 642 641 646 649 645 643 645 650 646 641 643 647 646 644 641 645 647 648 643
653 658 654 654 655 652 658 654 657 659 658 654 660 654 656 656 657 653 651 654 651 659 654 659 655 654 660 660 651 657 651 654 653 652 652 652 653 659 659 651 651 660 656 656 653 660 651 656 654 652 656 652 657 655 655 656 656 659 654 655 653 654 655 655 659 658 660 655 656 653 657 660 654 653 656 653 651 659 653 656 659 654 657 656 660 660 656 653 660 651 656 652 652 652 660 659 652 652 659 654
664 661 667 664 669 670 670 669 666 664 667 663 670 668 663 662 662 668 661 669 669 661 661 663 661 666 662 664 667 664 661 663 665 668 670 670 668 668 664 663 666 665 669 665 668 666 661 663 662 665 665 668 668 670 669 666 669 669 665 667 668 665 668 670 670 668 661 666 666 661 661 666 665 661 665 663 670 664 669 668 666 661 669 663 663 667 669 666 668 667 670 665 665 668 670 661 665 668 664 669
674 674 677 674 679 679 675 674 680 677 678 671 675 673 679 678 675 673 678 677 675 673 680 673 678 680 677 673 671 675 679 677 675 675 678 677 673 679 671 671 679 677 671 677 677 678 677 675 675 680 675 671 672 671 676 673 679 671 674 677 673 674 678 671 676 675 675 674 671 671 672 676 676 676 680 680 680 675 679 679 679 671 673 675 676 677 672 672 676 674 676 677 672 674 676 675 675 671 675 672
681 689 689 688 689 687 681 684 684 686 686 690 688 690 681 690 688 683 684 690 684 681 683 683 690 683 689 681 683 690 685 690 687 684 682 689 682 688 685 688 685 688 681 682 690 683 681 690 688 684 681 683 689 687 681 682 690 690 681 682 683 687 687 685 688 686 683 686 683 682 686 681 681 682 690 683 682 689 687 682 683 683 681 681 688 689 687 688 683 689 688 687 688 689 683 688 689 683 684 685
700 698 694 694 694 691 693 697 693 698 699 691 694 698 700 699 699 698 691 693 693 693 692 700 695 693 691 692 696 695 693 700 694 693 691 696 695 697 697 696 692 694 693 700 695 694 691 695 692 691 699 696 697 693 692 691 695 698 697 696 699 700 693 693 700 694 694 698 698 699 699 691 698 700 699 695 700 693 697 695 697 697 695 699 700 700 696 696 700 699 700 692 698 692 695 691 692 693 691 698
705 707 705 703 707 709 709 703 710 709 706 703 709 703 708 704 708 704 706 706 704 703 703 707 702 708 710 709 705 701 709 709 703 708 707 701 706 708 710 702 701 708 701 701 703 707 703 701 709 710 710 708 704 701 707 705 704 705 706 707 708 706 706 704 702 708 705 709 704 702 702 703 706 705 706 708 705 701 703 705 706 703 704 705 702 703 703 707 704 707 707 708 704 705 703 708 708 710 703 709
711 713 714 711 716 717 719 717 719 720 719 719 714 720 720 715 716 711 717 720 712 714 720 711 719 719 714 715 715 720 716 717 720 713 720 715 714 719 716 717 714 712 718 715 713 719 713 712 720 711 717 713 711 716 720 713 714 712 713 717 712 716 718 714 714 714 713 714 719 719 711 714 715 713 713 715 714 720 715 715 715 718 711 719 720 711 712 713 716 718 720 718 716 719 717 712 713 718 716 713
726 725 724 724 724 725 721 727 725 724 728 727 725 729 727 725 722 723 728 724 728 729 726 723 723 728 724 727 729 724 730 722 726 727 724 728 728 725 728 728 729 721 725 730 727 723 728 727 728 727 730 722 723 727 730 723 722 730 721 725 730 728 723 728 726 721 729 725 727 727 726 730 727 721 727 724 727 730 730 727 727 729 726 721 728 722 722 725 728 726 722 730 724 723 726 730 721 725 726 727
731 740 732 737 733 739 738 731 734 737 738 734 731 735 734 738 731 735 732 737 734 737 738 737 740 738 731 735 739 736 731 731 731 739 736 736 731 734 738 738 736 735 735 732 740 738 733 733 731 735 735 731 740 736 736 731 737 731 738 733 732 735 734 732 735 739 737 736 733 733 738 736 736 736 736 737 740 732 734 731 738 740 739 735 733 731 737 732 732 731 739 736 740 733 737 737 740 737 736 734
741 743 743 744 743 741 746 749 746 748 743 741 747 750 747 748 748 741 741 749 741 747 741 745 746 741 742 747 742 743 743 750 748 742 741 745 750 747 744 745 744 746 749 746 742 747 746 743 745 742 745 750 749 747 745 749 741 749 750 741 742 743 744 741 747 749 742 746 748 749 750 744 742 745 748 744 747 750 742 747 749 745 750 749 748 747 741 748 743 746 745 746 744 742 747 743 749 744 749 744
759 757 758 760 754 756 757 755 757 760 754 760 755 757 752 759 753 756 755 759 753 757 757 753 760 753 754 755 756 758 759 753 759 752 753 755 757 760 759 755 754 753 755 754 756 760 757 757 759 753 756 754 754 757 752 759 753 751 758 756 760 751 759 752 759 754 751 756 760 752 754 754 757 760 754 760 751 754 757 753 758 759 754 758 758 752 754 756 755 757 759 752 756 752 760 756 753 760 752 754
761 766 766 770 763 765 765 767 767 763 761 768 768 765 764 765 761 766 766 764 767 769 769 761 765 764 766 764 767 764 769 762 763 764 761 768 762 770 768 765 765 762 764 770 767 765 764 762 769 767 763 768 769 761 763 763 761 762 765 767 764 761 767 763 766 765 765 769 761 762 766 768 769 762 768 769 765 764 767 763 769 761 764 762 763 769 764 764 769 762 769 761 766 764 767 767 764 770 765 761
772 780 774 778 777 775 774 771 780 776 774 778 777 771 780 776 779 779 773 780 773 779 776 780 775 777 779 780 780 774 773 780 773 772 776 776 771 776 776 779 778 776 771 771 779 775 772 777 775 779 776 772 775 777 778 780 774 775 774 778 779 776 775 776 771 775 779 771 774 780 777 773 776 772 772 772 777 772 774 777 775 773 778 776 776 778 778 774 772 775 780 772 773 772 776 776 779 778 779 771
782 787 790 787 788 783 782 790 789 790 788 789 789 788 783 787 781 790 787 788 789 786 789 783 789 786 790 789 782 784 787 781 787 785 789 785 781 788 785 785 787 781 789 788 789 785 788 783 781 789 784 788 785 781 787 787 789 789 786 789 789 782 789 788 788 788 781 783 782 789 790 787 788 788 784 789 784 781 788 788 786 788 786 784 787 781 782 789 782 787 789 789 786 788 785 790 783 781 781 786
793 796 791 792 795 791 797 794 799 794 795 800 793 793 792 797 798 791 793 793 794 791 800 792 797 793 795 792 797 799 796 797 793 793 794 798 793 797 799 795 800 798 797 792 799 792 797 799 798 795 797 793 799 793 800 796 791 799 791 796 795 799 796 799 799 792 798 792 791 797 796 794 792 793 800 795 793 792 792 793 791 791 791 791 799 796 799 800 794 799 800 792 795 800 795 792 800 798 798 797
805 804 809 801 805 803 805 809 801 806 808 806 807 810 807 801 807 806 807 804 802 808 808 802 807 808 803 804 804 806 802 801 805 804 809 801 806 807 803 804 810 803 803 809 803 803 801 807 810 810 807 803 804 808 801 810 802 810 802 806 810 808 806 807 802 801 808 802 807 810 810 810 810 804 805 803 810 805 810 804 803 809 803 806 803 806 808 807 803 810 807 801 801 803 804 808 805 803 802 807
820 814 814 812 814 813 811 819 812 820 813 820 811 817 811 818 818 811 812 817 817 814 816 818 819 811 820 813 817 817 812 812 817 816 819 819 818 815 813 819 817 819 813 814 819 818 815 818 819 814 812 816 818 814 813 811 818 812 820 816 818 814 820 811 818 820 813 819 811 811 813 811 814 819 819 815 820 812 811 819 813 812 812 812 812 812 815 813 819 818 818 811 813 818 812 814 814 820 817 811
825 821 827 822 830 824 828 821 830 826 830 824 827 824 826 829 826 824 825 821 825 826 824 830 823 825 821 829 828 829 821 821 828 822 825 827 826 825 830 825 825 829 826 825 827 823 823 823 823 830 828 823 822 828 825 827 829 830 821 827 824 823 824 827 825 822 829 827 827 824 829 827 826 830 823 830 827 822 823 830 825 825 829 823 823 828 829 822 828 830 826 822 826 826 827 826 823 823 824 827
836 836 840 839 833 831 834 836 836 837 836 839 833 831 834 836 832 837 833 833 838 839 831 839 834 833 839 834 838 838 837 839 836 836 838 839 839 839 839 832 831 833 837 839 838 838 834 840 835 839 834 837 833 833 840 835 831 840 831 832 835 838 835 836 835 838 831 833 832 836 831 838 832 839 832 839 831 834 833 837 835 832 839 838 838 832 838 831 831 837 834 837 833 834 831 833 837 840 833 840
848 846 844 849 850 847 841 841 843 841 842 845 847 850 848 844 850 850 850 841 850 849 842 844 848 846 848 841 850 845 849 846 846 842 844 845 845 848 848 849 850 844 849 843 842 848 850 844 845 842 845 843 842 849 842 844 849 841 846 843 844 845 848 846 845 843 849 846 846 848 848 849 847 842 845 849 846 841 846 841 845 847 842 850 849 842 850 843 842 845 846 842 848 848 845 846 844 845 845 844
854 852 859 851 853 851 853 852 854 851 854 858 855 855 853 856 858 851 855 856 851 855 860 855 857 851 860 853 851 857 854 854 860 858 852 854 859 855 859 857 854 856 859 855 854 858 860 857 852 859 853 859 853 859 852 858 860 860 857 857 860 858 859 855 858 851 860 855 855 854 852 860 858 856 855 856 853 857 853 858 853 856 858 855 858 855 852 858 858 853 856 857 852 858 858 859 860 855 857 859
870 869 865 863 861 867 866 866 866 865 861 866 863 869 864 866 868 868 868 865 861 864 864 868 862 862 863 867 869 867 863 867 868 865 869 866 861 862 864 866 866 863 864 865 863 870 861 870 865 861 866 862 867 861 861 861 864 864 861 865 865 868 870 870 862 861 866 865 862 867 865 865 870 863 866 864 866 862 863 870 861 867 864 868 868 864 868 864 863 863 867 861 869 863 865 869 865 868 865 866
874 871 879 872 875 871 876 873 879 878 875 873 874 871 875 876 871 877 877 874 875 871 873 876 880 878 875 874 871 876 872 878 876 876 878 876 871 871 873 878 875 877 875 880 875 876 871 877 879 878 874 872 872 876 880 877 877 880 875 877 873 876 877 874 876 875 880 872 878 876 880 876 874 880 877 879 875 873 878 880 873 879 880 871 874 879 874 873 878 878 877 876 874 880 873 874 873 873 880 875
883 882 883 884 882 884 890 882 884 890 884 884 886 881 889 886 886 885 887 886 890 881 884 881 887 886 883 885 886 883 884 881 890 882 885 886 882 888 884 884 887 890 888 885 881 889 885 881 888 888 881 883 882 883 889 888 890 884 883 888 881 888 887 888 890 884 884 888 886 887 888 882 883 886 888 882 889 884 884 881 890 881 890 890 888 881 882 883 885 883 890 885 889 885 889 890 884 888 883 882
897 897 898 898 891 898 894 898 891 893 893 898 895 891 892 897 891 892 898 891 897 895 894 894 891 895 891 894 893 894 900 891 891 893 898 899 900 896 899 900 891 891 891 900 891 899 892 892 896 891 899 892 899 897 898 896 897 893 900 894 899 891 892 900 898 897 899 895 892 894 895 893 892 892 894 899 893 896 894 892 891 897 892 900 897 898 898 895 895 899 894 896 900 898 894 896 893 893 898 897
902 904 902 902 904 907 909 901 907 906 909 909 910 908 908 905 907 905 906 910 904 909 901 901 901 907 904 902 901 906 901 903 906 910 906 909 908 908 903 906 908 909 905 906 905 910 901 907 910 907 903 905 902 907 901 903 902 908 904 908 906 907 901 901 905 905 905 901 907 907 902 902 904 902 903 908 908 909 907 903 907 902 901 910 902 907 906 910 904 905 901 905 909 901 906 904 906 908 907 906
920 915 913 914 920 920 920 918 916 915 918 914 917 914 919 913 915 917 920 917 915 911 919 911 916 915 916 916 918 918 914 920 916 914 917 917 918 914 916 913 919 915 920 913 919 920 915 915 912 913 916 915 915 914 917 911 920 913 916 912 913 917 919 918 917 912 917 911 914 919 919 919 919 915 915 913 919 917 917 916 914 912 914 917 912 915 918 918 920 912 914 912 915 912 918 917 917 918 919 914
922 923 926 928 930 922 928 929 923 925 929 924 922 923 923 929 925 921 924 921 921 927 929 924 929 921 927 924 922 921 929 926 930 927 930 921 928 923 925 922 929 926 929 930 922 929 930 927 921 922 927 921 925 930 922 923 923 927 921 923 928 924 926 924 923 921 926 922 930 928 922 926 928 925 929 926 927 924 926 921 927 930 925 930 927 927 930 922 928 922 927 930 928 926 921 922 930 922 925 927
935 938 938 934 932 936 939 935 939 938 934 940 936 935 940 931 937 936 940 938 935 931 940 934 933 939 939 939 936 938 934 937 937 937 936 935 934 940 934 939 935 935 936 931 939 938 940 936 938 936 931 933 932 938 940 935 931 933 940 938 934 936 937 939 936 936 935 934 934 933 932 931 938 936 931 934 934 931 932 939 938 931 934 940 935 932 933 937 940 938 931 937 931 937 935 935 935 940 933 933
947 948 946 943 944 944 948 944 942 947 950 941 945 943 946 945 948 945 944 943 944 950 950 941 946 944 941 941 950 948 946 942 948 943 948 942 941 942 944 943 947 946 945 948 946 946 946 944 945 949 944 943 948 944 942 946 949 949 947 950 947 945 947 950 944 941 941 942 948 944 945 948 949 946 949 941 943 949 946 944 944 942 950 947 942 943 947 947 947 941 942 941 942 948 946 947 949 941 950 942
956 952 953 951 951 956 953 957 953 960 960 953 959 953 953 953 951 959 954 960 957 960 959 957 957 953 957 953 956 956 954 954 955 958 956 958 951 956 960 959 951 955 953 954 958 952 960 952 953 958 953 954 953 955 952 958 956 959 956 956 957 955 958 959 956 957 952 959 958 959 955 959 960 959 955 960 956 955 957 955 954 958 954 957 956 955 951 954 958 959 960 957 952 957 957 960 954 957 951 956
965 968 962 970 970 963 962 970 963 969 962 967 969 965 962 962 968 961 966 964 967 963 964 968 964 964 968 967 965 966 968 968 962 966 966 965 965 964 970 964 969 965 961 961 967 967 961 961 966 961 964 969 961 969 969 966 970 962 970 962 963 969 968 961 969 969 968 967 962 970 961 962 965 969 963 969 961 965 964 967 963 965 962 963 970 962 965 968 968 966 961 964 969 962 969 966 965 964 961 970
974 978 971 974 974 975 975 975 971 977 976 977 980 975 972 977 980 975 980 973 976 973 978 974 980 977 974 972 973 980 979 978 978 979 974 972 979 973 979 975 977 973 974 976 973 978 975 974 978 973 979 972 973 973 972 977 979 974 976 974 973 974 974 973 971 972 974 971 975 977 972 977 978 975 978 980 972 978 973 977 971 975 979 971 973 975 978 973 980 977 971 978 975 977 980 975 974 974 973 977
985 986 985 990 985 985 982 990 988 982 986 984 987 990 988 982 984 984 986 986 986 984 988 988 982 990 982 984 983 988 986 981 989 986 986 983 990 983 987 987 989 990 983 986 984 989 989 984 984 983 989 986 983 984 987 981 985 989 988 981 984 984 989 984 981 989 990 984 981 981 986 984 982 983 983 985 989 990 990 984 983 990 985 982 989 982 987 982 983 988 986 984 983 988 983 988 985 989 987 988
998 999 995 993 999 993 997 1000 1000 991 1000 999 995 998 997 992 991 993 997 999 997 992 992 991 995 993 999 995 999 995 996 997 992 994 992 998 997 998 996 994 995 995 991 996 999 998 998 997 998 992 991 998 993 992 991 995 995 999 991 991 1000 998 994 997 999 995 1000 997 994 996 994 998 996 995 994 995 992 994 992 996 995 994 993 991 998 994 996 991 1000 994 998 995 992 1000 992 998 991 992 995 997

