50 50
4 3 1 9 10 6 9 10 20 20 20 20 1 11 3 12 3 5 14 6 14 12 8 10 2 7 17 13 12 8 5 15 19 3 8 10 15 16 6 17 20 17 2 15 13 11 3 17 11 20
24 26 30 24 13 11 11 25 19 12 19 22 15 22 15 19 25 13 27 28 29 29 28 30 13 21 21 21 20 28 17 18 13 20 24 22 30 20 30 30 20 13 20 23 18 23 28 12 18 17
23 28 36 39 36 30 31 21 24 21 40 29 31 24 29 37 22 38 31 27 22 27 35 40 22 22 30 39 30 34 36 28 23 35 27 37 39 21 33 23 33 38 22 23 31 34 35 29 40 29
48 50 38 43 32 49 37 46 38 32 46 45 49 31 40 35 41 35 43 48 44 48 47 42 42 39 34 49 42 41 39 41 34 50 32 42 37 47 49 35 50 49 45 31 33 34 49 49 45 42
47 57 51 52 56 47 58 57 41 60 48 56 46 57 47 45 60 50 49 58 51 41 47 56 42 43 46 46 54 44 43 48 58 50 46 50 51 43 55 51 43 44 46 49 47 50 44 57 48 41
62 65 61 56 63 65 65 70 62 65 53 63 56 51 60 51 62 70 59 57 63 64 54 52 52 53 60 60 60 51 67 56 55 53 51 62 67 60 67 61 55 51 55 53 54 64 54 58 54 64
74 75 77 69 64 80 65 68 73 61 79 71 70 72 72 68 71 69 68 70 72 79 79 75 75 66 78 74 66 67 71 70 63 66 64 71 79 67 75 64 61 67 78 73 74 67 65 62 72 67
82 76 76 72 77 77 73 74 79 74 82 79 82 76 90 73 78 89 76 74 76 86 80 77 82 87 82 71 81 81 89 85 89 83 82 81 86 85 80 80 77 71 80 79 74 89 82 86 88 77
88 82 84 83 94 81 85 100 98 83 81 90 97 84 96 100 93 89 96 89 96 92 93 98 86 83 84 92 87 85 81 94 87 90 81 87 95 85 90 92 97 83 82 100 94 97 100 86 93 81
107 104 96 96 98 103 91 93 93 97 92 102 98 105 109 107 91 93 103 110 109 109 93 96 95 98 108 101 100 103 106 104 103 100 95 110 106 91 108 92 108 109 106 94 108 109 97 96 96 102
120 112 105 118 107 110 115 108 103 115 114 104 120 105 114 108 117 117 102 103 102 103 118 103 111 108 119 112 111 109 118 113 114 120 113 105 115 120 109 102 112 113 108 120 113 102 112 118 111 120
114 111 128 128 122 116 122 122 127 122 122 112 121 115 117 113 125 111 112 115 123 129 124 114 129 124 112 124 114 126 116 129 117 122 113 122 123 115 115 113 113 120 130 129 114 130 120 120 114 123
125 127 133 128 126 129 130 132 130 126 124 136 134 133 123 135 137 136 138 122 134 131 137 137 132 132 121 131 132 137 123 126 134 128 134 128 139 137 137 131 124 137 132 139 124 140 139 135 121 122
132 144 136 136 134 136 145 133 144 142 142 147 144 139 143 141 143 150 138 138 133 134 147 136 148 149 141 131 133 138 141 143 141 142 146 141 149 138 146 145 136 138 139 132 141 149 136 149 146 140
151 151 152 145 155 157 143 155 152 141 159 155 145 148 159 145 156 160 146 152 149 160 144 149 155 142 146 158 148 142 148 160 156 144 151 157 147 153 152 159 157 155 154 143 159 152 155 142 160 146
159 154 163 157 154 165 162 154 167 153 162 161 154 151 153 156 157 163 169 152 160 154 163 153 155 165 151 153 160 155 163 167 170 156 155 157 158 165 165 170 152 166 169 165 159 167 162 161 162 157
162 169 163 161 176 172 167 175 161 171 180 163 162 168 177 163 172 176 167 177 175 169 178 178 168 175 167 177 161 179 176 174 166 175 176 166 177 174 167 168 164 176 168 179 168 176 172 168 165 179
183 176 190 181 184 182 177 187 174 180 180 184 175 190 183 190 185 181 181 189 174 174 179 183 180 189 187 181 183 189 178 173 174 189 171 178 183 189 174 189 182 178 185 180 175 172 184 179 173 174
194 187 195 199 195 187 190 190 187 189 187 197 196 186 191 200 197 182 185 187 185 183 191 190 183 198 200 189 189 193 181 184 185 187 188 198 189 192 186 182 192 196 196 192 197 187 196 194 197 195
196 191 191 210 206 210 195 205 199 195 191 192 191 195 193 205 192 203 209 192 197 192 197 202 204 195 198 191 195 198 202 207 200 203 197 206 199 210 209 194 207 201 198 195 195 209 195 198 206 192
204 202 208 220 205 216 217 212 201 209 214 209 218 220 203 211 210 211 207 210 218 201 214 206 208 213 216 208 207 214 206 202 210 218 206 206 220 215 206 207 219 218 203 211 208 217 212 207 215 206
215 217 224 220 219 220 211 226 224 215 223 218 211 223 229 226 212 216 223 222 216 214 214 220 215 224 217 221 217 227 222 221 214 230 212 218 226 211 222 222 212 212 221 226 215 220 230 230 230 213
236 237 236 238 222 238 232 233 224 236 234 221 228 228 232 225 221 234 224 236 237 239 224 222 225 230 229 234 232 240 240 233 240 239 236 235 222 225 240 230 235 238 221 231 222 227 230 231 232 226
249 241 237 243 232 236 234 247 250 247 232 234 231 235 236 245 236 250 245 245 244 245 250 243 233 231 235 246 247 233 237 247 239 231 246 248 250 250 238 244 248 243 236 245 238 245 233 244 250 234
258 243 255 251 251 249 257 259 258 253 255 244 252 257 253 244 257 249 242 242 244 251 254 252 246 252 255 254 257 253 242 251 245 250 256 253 244 241 243 247 253 260 252 253 245 251 259 244 243 241
259 261 262 262 264 261 258 269 259 263 270 253 259 252 268 258 260 251 256 263 254 255 260 258 254 257 265 253 267 261 265 256 265 264 257 261 260 270 258 257 256 263 262 259 255 251 253 267 258 261
280 263 261 269 273 263 280 277 261 263 263 265 262 269 274 276 277 270 263 268 271 274 273 275 277 265 274 275 274 270 264 266 279 270 278 276 268 265 278 270 277 279 263 261 274 275 274 273 270 262
278 290 272 286 288 273 279 283 290 278 285 276 280 282 287 287 289 285 287 290 285 283 277 279 271 276 285 271 284 278 281 280 278 281 273 284 281 287 279 283 283 276 281 285 285 289 272 286 279 287
296 286 293 290 281 285 298 286 289 290 285 289 288 295 290 296 283 283 292 292 287 293 298 286 283 294 290 293 285 292 293 287 293 293 291 288 299 294 286 289 290 286 291 297 287 288 287 296 290 295
305 303 310 301 303 299 295 292 306 307 301 295 309 310 307 296 303 293 295 305 297 310 293 307 291 297 304 307 308 308 291 300 292 303 295 305 294 301 296 310 292 307 303 293 308 296 296 295 300 303
305 315 302 317 309 312 303 301 318 303 319 317 308 305 318 311 303 318 304 310 308 310 319 317 312 304 310 317 304 319 308 313 310 309 316 317 313 305 316 319 320 305 303 309 305 304 304 304 311 311
320 322 315 318 314 327 316 326 311 317 311 312 314 320 319 318 327 313 323 328 323 316 330 330 326 312 326 328 320 326 315 316 326 312 314 315 318 326 324 315 328 323 311 313 330 316 314 323 330 325
327 337 340 335 321 339 337 329 336 332 327 329 336 338 331 334 326 339 332 324 324 335 336 340 326 336 321 329 324 332 322 332 334 339 327 327 340 330 334 325 334 337 333 336 324 330 337 335 325 333
348 348 345 335 346 344 335 338 347 340 340 345 342 334 341 348 350 339 333 334 342 335 336 337 349 332 331 347 347 348 342 346 343 331 336 336 334 336 343 347 341 338 337 337 333 343 342 338 338 334
348 346 358 341 352 359 358 346 349 342 349 342 348 353 345 350 358 353 360 352 353 358 360 357 346 351 346 345 357 342 350 346 353 348 357 350 352 344 353 351 358 354 342 345 357 349 349 352 347 348
359 367 367 370 353 359 370 351 353 367 362 359 370 362 363 359 353 360 357 368 351 369 370 362 367 370 357 367 363 368 355 366 353 362 365 361 355 364 355 356 368 362 367 364 362 353 353 362 367 365
367 363 374 367 373 375 376 365 367 369 368 371 380 371 363 378 375 365 371 376 378 365 378 369 372 368 376 368 364 376 372 372 368 366 376 376 365 372 373 371 380 375 380 367 378 375 365 378 377 368
390 388 389 385 373 389 382 389 373 389 384 376 385 377 374 379 380 387 374 381 371 385 381 376 372 389 373 372 384 379 378 371 390 383 387 382 386 390 380 390 385 384 387 377 373 380 389 386 381 383
382 394 391 389 390 396 381 384 387 397 393 387 392 397 396 381 381 395 388 400 386 393 400 387 396 394 392 396 384 384 383 381 393 390 393 398 382 387 382 384 384 399 385 392 397 386 396 390 383 382
402 397 391 392 410 403 398 410 394 403 399 393 400 400 394 404 403 398 400 403 404 403 403 408 396 406 407 410 393 403 409 396 391 398 398 399 408 394 402 400 401 391 396 409 408 394 403 405 393 394
411 419 402 410 410 417 417 405 403 416 406 419 406 412 411 417 409 419 420 410 406 416 409 403 413 413 409 420 413 415 408 412 411 402 417 413 414 412 408 419 414 409 401 401 405 403 402 410 419 417
426 411 429 426 419 418 414 418 418 417 413 426 423 417 430 417 416 417 429 423 426 416 424 422 413 429 412 413 419 422 420 415 429 415 424 422 418 428 419 415 415 429 424 413 412 412 429 427 411 412
422 432 436 439 427 434 430 423 435 433 434 436 430 439 437 436 421 425 429 421 433 437 435 421 427 427 424 426 423 426 422 432 426 421 438 438 424 438 434 425 428 422 430 424 429 431 421 439 438 422
447 442 431 434 436 445 434 441 448 435 431 450 433 448 436 450 439 434 445 433 438 431 446 445 444 439 437 443 433 447 448 432 437 440 447 442 439 439 435 442 443 431 444 431 442 444 445 431 448 446
459 448 445 442 454 452 450 457 451 455 444 449 450 447 459 444 454 457 443 454 443 457 460 446 441 448 446 448 458 448 442 447 448 442 446 449 445 448 458 457 444 453 446 454 449 452 441 443 453 441
453 461 469 461 454 468 457 468 459 460 464 459 465 452 462 452 464 452 470 469 452 451 464 457 465 462 457 459 464 463 468 455 459 456 455 467 464 466 456 457 459 451 453 462 452 470 451 466 451 468
464 461 476 478 474 473 474 474 467 468 480 476 472 471 473 470 479 467 461 470 463 473 480 475 473 479 479 463 471 462 476 469 473 461 476 475 468 462 480 467 464 464 467 465 479 462 462 462 474 474
480 489 471 484 484 483 472 488 478 472 489 473 485 484 488 489 490 488 485 479 487 488 479 490 490 484 490 485 486 485 479 481 475 478 487 489 485 474 476 480 486 483 488 482 482 482 474 476 481 474
498 493 482 498 500 488 486 492 499 496 482 497 489 481 484 486 493 492 486 483 493 496 498 487 491 481 499 495 491 496 500 498 495 498 491 493 493 481 500 494 485 491 497 491 500 490 491 483 493 494
493 500 503 496 509 507 505 502 493 508 500 500 499 491 504 501 494 494 500 507 494 498 498 499 504 498 507 495 493 497 507 506 509 505 494 500 506 496 510 495 500 508 499 503 497 505 492 503 494 493

